Preprocess the data once at each stage
Stage, Iteration, |UV-EV|/EV, UV/EV - 1, RMSE, MQE = (((|UV-EV|/EV) ** 2) ** 0.5)/N, Updated MQE = (((|UV-EV|/(UV+EV)) ** 2) ** 0.5)/N, Average Aspect Ratio (height/width),Average Aspect Ratio min(height/width)/max(height/width), Pre processing Time(sec), Iteration Time(sec)
0, 1, 0.0035, -0.0007, 0.0037, 0.0019, 0.000938, 1.132363, 0.858329, 0.001, 4.1784
0, 2, 0.0035, -0.0007, 0.0037, 0.0019, 0.000938, 1.132358, 0.858307, 0.001, 4.458
0, 3, 0.0035, -0.0007, 0.0037, 0.0019, 0.000938, 1.132358, 0.858307, 0.001, 4.2373
0, 4, 0.0035, -0.0007, 0.0037, 0.0019, 0.000938, 1.132358, 0.858307, 0.001, 4.2391
0, 5, 0.0035, -0.0007, 0.0037, 0.0019, 0.000938, 1.132358, 0.858307, 0.001, 4.2396
0, 6, 0.0035, -0.0007, 0.0037, 0.0019, 0.000938, 1.132358, 0.858307, 0.001, 4.235
1, 1, 0.1341, -0.0132, 0.1549, 0.0387, 0.020382, 1.131247, 0.714407, 0.014, 4.9667
1, 2, 0.0593, 0.0061, 0.0866, 0.0216, 0.010168, 1.166776, 0.72305, 0.014, 5.154
1, 3, 0.0424, 0.0074, 0.0775, 0.0194, 0.008853, 1.152474, 0.732433, 0.014, 5.2825
1, 4, 0.0365, 0.0103, 0.0738, 0.0185, 0.008309, 1.150812, 0.739512, 0.014, 5.5166
1, 5, 0.0355, 0.0113, 0.0732, 0.0183, 0.008222, 1.152944, 0.742777, 0.014, 5.2767
2, 1, 0.215, 0.0848, 0.2827, 0.0353, 0.016928, 1.109499, 0.713104, 0.0588, 7.7314
2, 2, 0.1508, 0.0566, 0.1929, 0.0241, 0.01127, 1.185306, 0.673717, 0.0588, 6.8459
2, 3, 0.1244, 0.0496, 0.1585, 0.0198, 0.009002, 1.189449, 0.663586, 0.0588, 6.8334
2, 4, 0.1101, 0.0469, 0.1493, 0.0187, 0.008383, 1.18539, 0.659195, 0.0588, 7.0626
3, 1, 0.1989, 0.0574, 0.3036, 0.019, 0.00896, 1.300038, 0.647735, 0.2503, 13.4825
3, 2, 0.1442, 0.0511, 0.2102, 0.0131, 0.006478, 1.262891, 0.64768, 0.2503, 12.7811
3, 3, 0.1307, 0.0497, 0.2001, 0.0125, 0.006227, 1.265195, 0.648704, 0.2503, 12.6708
4, 1, 0.1649, 0.0556, 0.257, 0.008, 0.00396, 1.365246, 0.62954, 1.0178, 30.8556
4, 2, 0.136, 0.0535, 0.2184, 0.0068, 0.003536, 1.360767, 0.62918, 1.0178, 30.22
5, 1, 0.157, 0.0599, 0.2595, 0.0041, 0.002029, 1.401555, 0.608769, 4.1455, 132.7959
5, 2, 0.1306, 0.0552, 0.2314, 0.0036, 0.001883, 1.398592, 0.608716, 4.1455, 110.4928
5, 3, 0.1242, 0.0556, 0.2326, 0.0036, 0.001866, 1.395016, 0.608318, 4.1455, 105.6804


Total Pre Processing Time(sec): 5.4874
Total Processing Time(sec): 534.7236

Image Processing Time : 2.5701