Preprocess the data once at each stage
Stage, Iteration, |UV-EV|/EV, UV/EV - 1, RMSE, MQE = (((|UV-EV|/EV) ** 2) ** 0.5)/N, Updated MQE = (((|UV-EV|/(UV+EV)) ** 2) ** 0.5)/N, Average Aspect Ratio (height/width),Average Aspect Ratio min(height/width)/max(height/width), Pre processing Time(sec), Iteration Time(sec)
0, 1, 0.0016, -0.0, 0.0018, 0.0009, 0.000438, 1.004218, 0.995021, 0.0011, 0.6268
0, 2, 0.0016, -0.0, 0.0018, 0.0009, 0.000438, 1.004885, 0.99467, 0.0011, 0.5928
0, 3, 0.0016, -0.0, 0.0018, 0.0009, 0.000438, 1.004801, 0.994714, 0.0011, 0.5835
0, 4, 0.0016, -0.0, 0.0018, 0.0009, 0.000438, 1.004812, 0.994709, 0.0011, 0.5885
0, 5, 0.0016, -0.0, 0.0018, 0.0009, 0.000438, 1.00481, 0.99471, 0.0011, 0.6478
1, 1, 0.0032, 0.0, 0.0036, 0.0009, 0.000455, 1.003175, 0.993676, 0.0278, 1.6063
1, 2, 0.0031, 0.0006, 0.0035, 0.0009, 0.000439, 1.003217, 0.993717, 0.0278, 1.6097
1, 3, 0.003, 0.0019, 0.0034, 0.0008, 0.000419, 1.00311, 0.993631, 0.0278, 1.5089
1, 4, 0.003, 0.0019, 0.0034, 0.0008, 0.000419, 1.003068, 0.99361, 0.0278, 1.5124
2, 1, 0.0034, 0.0008, 0.0038, 0.0005, 0.000239, 1.003847, 0.992813, 0.0796, 3.4701
2, 2, 0.0032, 0.0016, 0.0035, 0.0004, 0.000219, 1.003904, 0.992629, 0.0796, 3.4851
2, 3, 0.0032, 0.0013, 0.0035, 0.0004, 0.000217, 1.003825, 0.992622, 0.0796, 3.4684
3, 1, 0.0035, 0.0011, 0.0038, 0.0002, 0.00012, 1.00362, 0.992494, 0.3173, 6.9373
3, 2, 0.0033, 0.0015, 0.0036, 0.0002, 0.000113, 1.00357, 0.992476, 0.3173, 6.8509
4, 1, 0.0036, 0.0014, 0.0039, 0.0001, 6.1e-05, 1.003577, 0.992297, 1.3055, 18.348
4, 2, 0.0035, 0.0016, 0.0037, 0.0001, 5.8e-05, 1.00349, 0.992334, 1.3055, 17.9692
4, 3, 0.0035, 0.0018, 0.0037, 0.0001, 5.8e-05, 1.003477, 0.992336, 1.3055, 18.4006


Total Pre Processing Time(sec): 1.7314
Total Processing Time(sec): 89.9376

MSE : 234.8901
PSNR : 24.4222
SSIM : 0.8399
