10, 10, 10, 10, 10, 10, 10, 10, 10, 10, 10, 10, 10, 85.1470588235294, 10, 10, 10, 10, 10, 4275.818181818182, 4275.818181818182, 4275.818181818182, 10, 4275.818181818182, 4275.818181818182, 10, 10, 10, 10, 10, 10, 10, 10, 10, 10, 10, 10, 10, 10, 10, 
10, 10, 10, 10, 10, 10, 10, 85.1470588235294, 85.1470588235294, 85.1470588235294, 4275.818181818182, 10, 10, 4275.818181818182, 10, 4275.818181818182, 4275.818181818182, 4275.818181818182, 4275.818181818182, 4275.818181818182, 4275.818181818182, 4275.818181818182, 10, 10, 10, 10, 10, 10, 10, 10, 10, 10, 10, 10, 10, 10, 10, 10, 10, 10, 
85.1470588235294, 85.1470588235294, 85.1470588235294, 85.1470588235294, 85.1470588235294, 4275.818181818182, 4275.818181818182, 4275.818181818182, 4275.818181818182, 4275.818181818182, 4275.818181818182, 4275.818181818182, 4275.818181818182, 4275.818181818182, 4275.818181818182, 4275.818181818182, 4275.818181818182, 10, 10, 10, 10, 10, 10, 10, 10, 10, 10, 10, 10, 10, 10, 10, 10, 10, 85.1470588235294, 85.1470588235294, 85.1470588235294, 85.1470588235294, 85.1470588235294, 85.1470588235294, 
85.1470588235294, 4275.818181818182, 4275.818181818182, 4275.818181818182, 4275.818181818182, 4275.818181818182, 4275.818181818182, 4275.818181818182, 4275.818181818182, 4275.818181818182, 4275.818181818182, 4275.818181818182, 10, 10, 10, 10, 10, 10, 10, 10, 10, 10, 10, 10, 10, 10, 10, 10, 85.1470588235294, 85.1470588235294, 85.1470588235294, 85.1470588235294, 85.1470588235294, 85.1470588235294, 85.1470588235294, 85.1470588235294, 85.1470588235294, 4275.818181818182, 4275.818181818182, 4275.818181818182, 
4275.818181818182, 4275.818181818182, 4275.818181818182, 4275.818181818182, 4275.818181818182, 4275.818181818182, 4275.818181818182, 4275.818181818182, 10, 10, 10, 10, 10, 10, 10, 10, 10, 10, 10, 10, 10, 10, 85.1470588235294, 85.1470588235294, 85.1470588235294, 85.1470588235294, 85.1470588235294, 85.1470588235294, 85.1470588235294, 55.18181818181818, 55.18181818181818, 85.1470588235294, 4275.818181818182, 4275.818181818182, 4275.818181818182, 4275.818181818182, 4275.818181818182, 4275.818181818182, 4275.818181818182, 4275.818181818182, 
4275.818181818182, 4275.818181818182, 4275.818181818182, 10, 10, 10, 10, 10, 10, 10, 10, 10, 10, 10, 10, 10, 10, 10, 85.1470588235294, 55.18181818181818, 55.18181818181818, 55.18181818181818, 55.18181818181818, 55.18181818181818, 55.18181818181818, 55.18181818181818, 55.18181818181818, 55.18181818181818, 4275.818181818182, 4275.818181818182, 4275.818181818182, 8735.184210526315, 8735.184210526315, 8735.184210526315, 8735.184210526315, 4275.818181818182, 4275.818181818182, 4275.818181818182, 10, 10, 
10, 10, 10, 10, 10, 10, 10, 10, 10, 10, 10, 10, 10, 55.18181818181818, 55.18181818181818, 55.18181818181818, 55.18181818181818, 55.18181818181818, 55.18181818181818, 55.18181818181818, 55.18181818181818, 55.18181818181818, 55.18181818181818, 4275.818181818182, 8735.184210526315, 8735.184210526315, 8735.184210526315, 8735.184210526315, 8735.184210526315, 8735.184210526315, 8735.184210526315, 8735.184210526315, 8735.184210526315, 8735.184210526315, 10, 10, 10, 10, 10, 10, 
10, 10, 10, 10, 10, 10, 10, 10, 10, 55.18181818181818, 55.18181818181818, 55.18181818181818, 55.18181818181818, 55.18181818181818, 55.18181818181818, 55.18181818181818, 55.18181818181818, 55.18181818181818, 55.18181818181818, 8735.184210526315, 8735.184210526315, 8735.184210526315, 8735.184210526315, 8735.184210526315, 8735.184210526315, 8735.184210526315, 8735.184210526315, 8735.184210526315, 8735.184210526315, 10, 10, 10, 10, 10, 10, 10, 10, 10, 10, 10, 
10, 10, 10, 10, 55.18181818181818, 55.18181818181818, 55.18181818181818, 55.18181818181818, 55.18181818181818, 55.18181818181818, 55.18181818181818, 55.18181818181818, 55.18181818181818, 55.18181818181818, 8735.184210526315, 8735.184210526315, 8735.184210526315, 8735.184210526315, 8735.184210526315, 8735.184210526315, 8735.184210526315, 8735.184210526315, 8735.184210526315, 2092.4473684210525, 10, 10, 10, 10, 10, 10, 10, 10, 10, 10, 10, 10, 10, 55.18181818181818, 55.18181818181818, 55.18181818181818, 
55.18181818181818, 14.746113989637307, 14.746113989637307, 55.18181818181818, 55.18181818181818, 55.18181818181818, 55.18181818181818, 55.18181818181818, 55.18181818181818, 8735.184210526315, 8735.184210526315, 8735.184210526315, 8735.184210526315, 8735.184210526315, 2092.4473684210525, 2092.4473684210525, 2092.4473684210525, 2092.4473684210525, 2092.4473684210525, 10, 10, 10, 10, 10, 10, 10, 10, 10, 10, 10, 10, 55.18181818181818, 55.18181818181818, 55.18181818181818, 55.18181818181818, 55.18181818181818, 14.746113989637307, 14.746113989637307, 14.746113989637307, 14.746113989637307, 
55.18181818181818, 55.18181818181818, 55.18181818181818, 55.18181818181818, 55.18181818181818, 2092.4473684210525, 2092.4473684210525, 2092.4473684210525, 2092.4473684210525, 2092.4473684210525, 2092.4473684210525, 2092.4473684210525, 2092.4473684210525, 2092.4473684210525, 2092.4473684210525, 10, 10, 10, 10, 10, 10, 10, 10, 10, 10, 55.18181818181818, 55.18181818181818, 55.18181818181818, 55.18181818181818, 55.18181818181818, 55.18181818181818, 14.746113989637307, 14.746113989637307, 14.746113989637307, 14.746113989637307, 55.18181818181818, 55.18181818181818, 55.18181818181818, 55.18181818181818, 55.18181818181818, 
2092.4473684210525, 2092.4473684210525, 2092.4473684210525, 2092.4473684210525, 2092.4473684210525, 2092.4473684210525, 2092.4473684210525, 2092.4473684210525, 2092.4473684210525, 2092.4473684210525, 10, 10, 10, 10, 10, 10, 10, 10, 10, 10, 55.18181818181818, 55.18181818181818, 55.18181818181818, 55.18181818181818, 55.18181818181818, 55.18181818181818, 14.746113989637307, 14.746113989637307, 14.746113989637307, 14.746113989637307, 14.746113989637307, 55.18181818181818, 55.18181818181818, 55.18181818181818, 55.18181818181818, 2092.4473684210525, 2092.4473684210525, 2092.4473684210525, 2092.4473684210525, 2092.4473684210525, 
2092.4473684210525, 2092.4473684210525, 2092.4473684210525, 2092.4473684210525, 2092.4473684210525, 10, 10, 10, 10, 10, 10, 10, 10, 10, 55.18181818181818, 55.18181818181818, 14.746113989637307, 14.746113989637307, 14.746113989637307, 14.746113989637307, 14.746113989637307, 14.746113989637307, 14.746113989637307, 14.746113989637307, 14.746113989637307, 14.746113989637307, 55.18181818181818, 55.18181818181818, 55.18181818181818, 55.18181818181818, 2092.4473684210525, 2092.4473684210525, 1775.475, 1775.475, 1775.475, 1775.475, 1775.475, 1775.475, 1775.475, 1775.475, 
10, 10, 10, 10, 10, 10, 10, 10, 10, 14.746113989637307, 14.746113989637307, 14.746113989637307, 14.746113989637307, 14.746113989637307, 14.746113989637307, 14.746113989637307, 14.746113989637307, 14.746113989637307, 14.746113989637307, 14.746113989637307, 14.746113989637307, 14.746113989637307, 14.746113989637307, 14.746113989637307, 14.746113989637307, 1775.475, 1775.475, 1775.475, 1775.475, 1775.475, 1775.475, 1775.475, 1775.475, 1775.475, 1775.475, 10, 10, 10, 10, 10, 
10, 10, 10, 14.746113989637307, 14.746113989637307, 14.746113989637307, 14.746113989637307, 14.746113989637307, 14.746113989637307, 14.746113989637307, 14.746113989637307, 10, 14.746113989637307, 14.746113989637307, 14.746113989637307, 14.746113989637307, 14.746113989637307, 14.746113989637307, 14.746113989637307, 14.746113989637307, 1775.475, 1775.475, 1775.475, 1775.475, 1775.475, 1775.475, 1775.475, 1775.475, 1775.475, 1775.475, 10, 10, 10, 10, 10, 10, 10, 14.746113989637307, 14.746113989637307, 14.746113989637307, 
14.746113989637307, 14.746113989637307, 14.746113989637307, 14.746113989637307, 14.746113989637307, 14.746113989637307, 14.746113989637307, 14.746113989637307, 14.746113989637307, 14.746113989637307, 14.746113989637307, 14.746113989637307, 14.746113989637307, 14.746113989637307, 14.746113989637307, 1775.475, 1775.475, 1775.475, 1775.475, 1775.475, 1775.475, 11159.527027027027, 11159.527027027027, 11159.527027027027, 11159.527027027027, 10, 10, 10, 10, 10, 10, 14.746113989637307, 14.746113989637307, 14.746113989637307, 14.746113989637307, 14.746113989637307, 14.746113989637307, 14.746113989637307, 14.746113989637307, 14.746113989637307, 
14.746113989637307, 14.746113989637307, 14.746113989637307, 14.746113989637307, 14.746113989637307, 14.746113989637307, 14.746113989637307, 14.746113989637307, 14.746113989637307, 10, 10, 1775.475, 1775.475, 1775.475, 1775.475, 11159.527027027027, 11159.527027027027, 11159.527027027027, 11159.527027027027, 11159.527027027027, 10, 10, 10, 10, 10, 14.746113989637307, 14.746113989637307, 14.746113989637307, 14.746113989637307, 14.746113989637307, 14.746113989637307, 14.746113989637307, 14.746113989637307, 14.746113989637307, 14.746113989637307, 14.746113989637307, 14.746113989637307, 14.746113989637307, 14.746113989637307, 14.746113989637307, 
14.746113989637307, 14.746113989637307, 14.746113989637307, 10, 10, 10, 10, 1775.475, 1775.475, 11159.527027027027, 11159.527027027027, 11159.527027027027, 11159.527027027027, 11159.527027027027, 11159.527027027027, 11159.527027027027, 10, 10, 10, 10, 14.746113989637307, 14.746113989637307, 14.746113989637307, 14.746113989637307, 14.746113989637307, 14.746113989637307, 14.746113989637307, 14.746113989637307, 14.746113989637307, 14.746113989637307, 14.746113989637307, 14.746113989637307, 14.746113989637307, 14.746113989637307, 14.746113989637307, 14.746113989637307, 14.746113989637307, 14.746113989637307, 10, 10, 
10, 10, 11159.527027027027, 11159.527027027027, 11159.527027027027, 11159.527027027027, 11159.527027027027, 11159.527027027027, 11159.527027027027, 11159.527027027027, 11159.527027027027, 10, 10, 10, 10, 14.746113989637307, 14.746113989637307, 14.746113989637307, 10, 10, 10, 10, 10, 14.746113989637307, 14.746113989637307, 14.746113989637307, 14.746113989637307, 14.746113989637307, 14.746113989637307, 14.746113989637307, 14.746113989637307, 14.746113989637307, 14.746113989637307, 14.746113989637307, 10, 10, 10, 10, 11159.527027027027, 11159.527027027027, 
11159.527027027027, 11159.527027027027, 11159.527027027027, 11159.527027027027, 11159.527027027027, 10, 10, 10, 10, 10, 10, 10, 10, 10, 10, 10, 10, 10, 10, 14.746113989637307, 14.746113989637307, 14.746113989637307, 14.746113989637307, 14.746113989637307, 10, 10, 14.746113989637307, 14.746113989637307, 14.746113989637307, 10, 10, 10, 10, 11159.527027027027, 11159.527027027027, 11159.527027027027, 11159.527027027027, 11159.527027027027, 11159.527027027027, 11159.527027027027, 
11159.527027027027, 10, 10, 10, 10, 10, 10, 10, 10, 10, 10, 10, 10, 10, 14.746113989637307, 14.746113989637307, 14.746113989637307, 14.746113989637307, 14.746113989637307, 14.746113989637307, 14.746113989637307, 14.746113989637307, 14.746113989637307, 14.746113989637307, 10, 10, 10, 10, 11159.527027027027, 11159.527027027027, 11159.527027027027, 11159.527027027027, 11159.527027027027, 11159.527027027027, 11159.527027027027, 11159.527027027027, 11159.527027027027, 10, 10, 10, 
10, 10, 10, 10, 10, 10, 10, 10, 10, 10, 14.746113989637307, 14.746113989637307, 14.746113989637307, 14.746113989637307, 14.746113989637307, 14.746113989637307, 14.746113989637307, 4130.425742574257, 4130.425742574257, 4130.425742574257, 4130.425742574257, 10, 14.746113989637307, 4130.425742574257, 4130.425742574257, 14.746113989637307, 11159.527027027027, 11159.527027027027, 11159.527027027027, 11159.527027027027, 11159.527027027027, 11159.527027027027, 10, 10, 10, 10, 10, 10, 10, 10, 
10, 10, 10, 10, 10, 14.746113989637307, 14.746113989637307, 14.746113989637307, 14.746113989637307, 14.746113989637307, 14.746113989637307, 14.746113989637307, 4130.425742574257, 4130.425742574257, 4130.425742574257, 4130.425742574257, 4130.425742574257, 4130.425742574257, 4130.425742574257, 4130.425742574257, 4130.425742574257, 4130.425742574257, 11159.527027027027, 11159.527027027027, 11159.527027027027, 11159.527027027027, 11159.527027027027, 11159.527027027027, 11159.527027027027, 11159.527027027027, 10, 10, 10, 10, 10, 10, 10, 10, 10, 10, 
10, 14.746113989637307, 14.746113989637307, 14.746113989637307, 14.746113989637307, 14.746113989637307, 14.746113989637307, 4130.425742574257, 4130.425742574257, 4130.425742574257, 4130.425742574257, 4130.425742574257, 4130.425742574257, 4130.425742574257, 4130.425742574257, 4130.425742574257, 4130.425742574257, 4130.425742574257, 4130.425742574257, 4130.425742574257, 11159.527027027027, 11159.527027027027, 11159.527027027027, 11159.527027027027, 11159.527027027027, 10, 10, 10, 10, 10, 10, 10, 10, 10, 10, 10, 14.746113989637307, 14.746113989637307, 14.746113989637307, 14.746113989637307, 
14.746113989637307, 14.746113989637307, 4130.425742574257, 4130.425742574257, 4130.425742574257, 4130.425742574257, 4130.425742574257, 4130.425742574257, 4130.425742574257, 4130.425742574257, 4130.425742574257, 4130.425742574257, 4130.425742574257, 4130.425742574257, 4130.425742574257, 4130.425742574257, 11159.527027027027, 11159.527027027027, 11159.527027027027, 10, 10, 10, 10, 10, 10, 10, 10, 10, 10, 10, 10, 10, 10, 10, 14.746113989637307, 14.746113989637307, 14.746113989637307, 14.746113989637307, 4130.425742574257, 4130.425742574257, 
4130.425742574257, 4130.425742574257, 4130.425742574257, 4130.425742574257, 4130.425742574257, 4130.425742574257, 4130.425742574257, 4130.425742574257, 4130.425742574257, 4130.425742574257, 4130.425742574257, 11159.527027027027, 11159.527027027027, 10, 10, 10, 10, 10, 10, 10, 10, 10, 10, 10, 10, 10, 10, 10, 10, 10, 10, 10, 944.9714285714285, 4130.425742574257, 4130.425742574257, 4130.425742574257, 4130.425742574257, 4130.425742574257, 4130.425742574257, 4130.425742574257, 
4130.425742574257, 4130.425742574257, 4130.425742574257, 4130.425742574257, 4130.425742574257, 4130.425742574257, 11159.527027027027, 10, 10, 10, 10, 10, 10, 10, 10, 10, 10, 10, 10, 10, 10, 10, 10, 10, 10, 10, 10, 944.9714285714285, 944.9714285714285, 4130.425742574257, 4130.425742574257, 4130.425742574257, 944.9714285714285, 4130.425742574257, 4130.425742574257, 4130.425742574257, 4130.425742574257, 4130.425742574257, 4130.425742574257, 4130.425742574257, 
4130.425742574257, 10, 10, 10, 10, 10, 10, 10, 10, 10, 10, 10, 10, 10, 10, 10, 10, 10, 10, 10, 10, 10, 10, 944.9714285714285, 944.9714285714285, 944.9714285714285, 944.9714285714285, 944.9714285714285, 4130.425742574257, 4130.425742574257, 4130.425742574257, 4130.425742574257, 4130.425742574257, 4130.425742574257, 4130.425742574257, 4130.425742574257, 10, 10, 10, 10, 
10, 10, 10, 10, 10, 10, 10, 10, 10, 10, 10, 10, 10, 10, 10, 10, 10, 10, 10, 944.9714285714285, 944.9714285714285, 944.9714285714285, 944.9714285714285, 4130.425742574257, 4130.425742574257, 4130.425742574257, 4130.425742574257, 5155.428571428572, 5155.428571428572, 10, 10, 10, 10, 10, 10, 10, 10, 10, 10, 10, 
10, 10, 10, 10, 10, 10, 10, 10, 10, 10, 10, 10, 10, 10, 944.9714285714285, 944.9714285714285, 944.9714285714285, 944.9714285714285, 4130.425742574257, 4130.425742574257, 4130.425742574257, 4130.425742574257, 5155.428571428572, 5155.428571428572, 5155.428571428572, 10, 10, 10, 10, 10, 10, 10, 10, 10, 10, 10, 10, 10, 10, 10, 
10, 10, 10, 10, 10, 10, 10, 10, 10, 944.9714285714285, 944.9714285714285, 944.9714285714285, 4130.425742574257, 4130.425742574257, 4130.425742574257, 10, 10, 5155.428571428572, 5155.428571428572, 4271.5, 10, 10, 10, 10, 10, 10, 10, 10, 10, 10, 10, 10, 10, 10, 10, 10, 10, 10, 10, 10, 
10, 10, 10, 10, 10, 944.9714285714285, 944.9714285714285, 4130.425742574257, 4130.425742574257, 10, 10, 6652.0, 4271.5, 4271.5, 4271.5, 4271.5, 10, 10, 10, 10, 10, 10, 10, 10, 10, 10, 10, 10, 10, 10, 10, 10, 10, 10, 10, 10, 10, 10, 10, 10, 
944.9714285714285, 944.9714285714285, 944.9714285714285, 944.9714285714285, 944.9714285714285, 4271.5, 4271.5, 4271.5, 4271.5, 10, 10, 10, 10, 10, 10, 10, 10, 10, 10, 10, 10, 10, 10, 10, 10, 10, 10, 10, 10, 10, 10, 10, 10, 10, 10, 10, 10, 944.9714285714285, 944.9714285714285, 944.9714285714285, 
10, 4271.5, 10, 10, 10, 10, 10, 10, 10, 10, 10, 10, 10, 10, 10, 10, 10, 10, 10, 10, 10, 10, 10, 10, 10, 10, 10, 10, 10, 10, 10, 10, 944.9714285714285, 944.9714285714285, 944.9714285714285, 10, 10, 10, 10, 10, 
10, 10, 10, 10, 10, 10, 10, 10, 10, 10, 10, 10, 10, 10, 10, 10, 10, 10, 10, 10, 10, 10, 10, 10, 10, 10, 10, 944.9714285714285, 944.9714285714285, 10, 10, 10, 10, 10, 10, 10, 10, 10, 10, 10