0.8533333333,0.8533333333,0.8533333333,0.8533333333,0.8533333333,0.8533333333,0.8533333333,0.8533333333,0.8533333333,0.8533333333,0.8533333333,0.8533333333,6.4000000000,0.8533333333,4.2666666667,6.4000000000,
0.8533333333,0.8533333333,0.8533333333,0.8533333333,2.1333333333,0.8533333333,0.8533333333,2.1333333333,0.8533333333,0.8533333333,2.1333333333,0.8533333333,2.1333333333,2.1333333333,4.2666666667,4.2666666667,
0.8533333333,0.8533333333,0.8533333333,0.8533333333,2.1333333333,4.2666666667,0.8533333333,0.8533333333,0.8533333333,2.1333333333,2.1333333333,0.8533333333,0.8533333333,0.8533333333,4.2666666667,2.1333333333,
0.8533333333,0.8533333333,2.1333333333,0.8533333333,0.8533333333,0.8533333333,2.1333333333,0.8533333333,0.8533333333,0.8533333333,2.1333333333,0.8533333333,0.8533333333,0.8533333333,2.1333333333,2.1333333333,
0.8533333333,0.8533333333,0.8533333333,0.8533333333,0.8533333333,2.1333333333,0.8533333333,0.8533333333,0.8533333333,0.8533333333,0.8533333333,2.1333333333,2.1333333333,2.1333333333,0.8533333333,0.8533333333,
0.8533333333,2.1333333333,0.8533333333,0.8533333333,0.8533333333,0.8533333333,0.8533333333,0.8533333333,2.1333333333,0.8533333333,0.8533333333,2.1333333333,0.8533333333,0.8533333333,0.8533333333,0.8533333333,
0.8533333333,4.2666666667,0.8533333333,0.8533333333,0.8533333333,0.8533333333,0.8533333333,2.1333333333,2.1333333333,4.2666666667,2.1333333333,2.1333333333,0.8533333333,0.8533333333,0.8533333333,0.8533333333,
0.8533333333,2.1333333333,0.8533333333,0.8533333333,0.8533333333,0.8533333333,0.8533333333,0.8533333333,2.1333333333,0.8533333333,0.8533333333,0.8533333333,0.8533333333,0.8533333333,0.8533333333,0.8533333333,
0.8533333333,2.1333333333,0.8533333333,0.8533333333,0.8533333333,0.8533333333,0.8533333333,2.1333333333,0.8533333333,2.1333333333,0.8533333333,2.1333333333,2.1333333333,0.8533333333,0.8533333333,0.8533333333,
2.1333333333,2.1333333333,0.8533333333,0.8533333333,0.8533333333,6.4000000000,0.8533333333,0.8533333333,4.2666666667,2.1333333333,2.1333333333,2.1333333333,0.8533333333,0.8533333333,2.1333333333,0.8533333333,
0.8533333333,0.8533333333,0.8533333333,0.8533333333,0.8533333333,0.8533333333,4.2666666667,2.1333333333,0.8533333333,0.8533333333,0.8533333333,0.8533333333,0.8533333333,0.8533333333,0.8533333333,0.8533333333,
0.8533333333,2.1333333333,0.8533333333,0.8533333333,0.8533333333,2.1333333333,0.8533333333,0.8533333333,0.8533333333,0.8533333333,2.1333333333,2.1333333333,2.1333333333,0.8533333333,0.8533333333,0.8533333333,
4.2666666667,2.1333333333,2.1333333333,0.8533333333,0.8533333333,0.8533333333,0.8533333333,2.1333333333,0.8533333333,0.8533333333,0.8533333333,2.1333333333,0.8533333333,0.8533333333,0.8533333333,0.8533333333,
6.4000000000,0.8533333333,2.1333333333,2.1333333333,4.2666666667,0.8533333333,4.2666666667,2.1333333333,0.8533333333,0.8533333333,2.1333333333,2.1333333333,0.8533333333,0.8533333333,0.8533333333,2.1333333333,
12.8000000000,4.2666666667,0.8533333333,4.2666666667,0.8533333333,0.8533333333,0.8533333333,2.1333333333,0.8533333333,0.8533333333,0.8533333333,0.8533333333,0.8533333333,0.8533333333,0.8533333333,0.8533333333,
14.9333333333,10.6666666667,4.2666666667,0.8533333333,0.8533333333,2.1333333333,0.8533333333,2.1333333333,0.8533333333,2.1333333333,0.8533333333,0.8533333333,0.8533333333,0.8533333333,0.8533333333,0.8533333333