Iteration, |UV-EV|/EV, UV/EV - 1, RMSE, MQE = (((|UV-EV|/EV) ** 2) ** 0.5)/N, Updated MQE = (((|UV-EV|/(UV+EV)) ** 2) ** 0.5)/N, Iteration Time (sec)
1, 2.4556, 2.1877, 6.585, 0.8231, 0.048909, 1.261539, 0.685101, 4.948
2, 1.8814, 1.709, 5.3826, 0.6728, 0.044486, 1.221757, 0.639038, 4.5518
3, 1.834, 1.6781, 5.2935, 0.6617, 0.044491, 1.238587, 0.638261, 3.0353
4, 1.7547, 1.6022, 5.197, 0.6496, 0.043677, 1.24611, 0.636892, 3.1287
5, 1.7645, 1.6128, 5.208, 0.651, 0.043797, 1.245031, 0.638146, 2.715
6, 1.7644, 1.6134, 5.208, 0.651, 0.043796, 1.244173, 0.63885, 2.6857
7, 1.7647, 1.6131, 5.208, 0.651, 0.043797, 1.24352, 0.639352, 2.6924
8, 1.7647, 1.6131, 5.208, 0.651, 0.043796, 1.243226, 0.639725, 2.78
9, 1.7647, 1.6131, 5.208, 0.651, 0.043796, 1.24309, 0.64004, 2.726
10, 1.7648, 1.6131, 5.208, 0.651, 0.043799, 1.243034, 0.640329, 2.6702


Total Pre Processing Time(sec): 0
Total Processing Time(sec): 31.9331