1,1865,2329,3397,1927,894,15755,27433,2400,1184,478,1277,1365,1566,1435,446,2540,193,1174,539,193,2061,3974,1513,725,593,2690,7206,6469,4772,871,491,
607,1,553,54646,11039,2417,7833,3671,11017,4087,3963,2625,3599,1801,2105,3030,9069,8499,4069,7153,2782,5564,5323,5147,3906,7163,3910,3253,13025,3801,14183,5262,
956,1683,1,5075,2429,1,2641,2407,2999,784,589,2036,497,3601,70,521,1922,114,6367,292,122,395,2006,777,7505,34,358,6033,17708,2355,313,1312,
5273,34204,2867,1,21157,6205,25638,11630,26189,8650,1394,3943,3781,6324,9981,12628,8852,4887,6465,25332,12890,36896,12463,12836,8350,20838,13595,8781,41713,15009,33131,6741,
2392,10254,1527,29029,1,2253,12623,4644,11398,1982,2718,6294,1678,3007,2286,2378,3739,5443,6798,3723,3227,5748,3489,3263,3072,4836,4870,2314,25268,7686,7368,5916,
163,187,1,4240,467,1,6122,1268,1696,777,362,135,30,139,917,9498,467,548,638,127,3688,23820,1394,1836,265,290,2348,237,2519,2301,1236,223,
15449,7168,6850,21217,9206,14887,1,38654,26406,13396,3142,3648,10036,6560,16449,16651,26138,5433,10480,6008,29390,69289,24003,27403,2710,1568,28826,19864,29706,23377,3819,9195,
16372,1713,1668,15675,4456,1995,47286,1,9960,5212,908,2614,5313,3277,4328,2496,5744,3078,4897,2526,7403,14853,16095,7840,1543,1528,6493,18087,16078,15852,2377,3352,
1853,6776,1452,18953,3998,1473,11428,5581,1,14473,9969,1267,2654,2022,2549,3460,11936,4832,15395,2266,3259,6923,4458,10281,2549,1838,4810,5566,11719,5804,3377,11785,
2130,2871,640,6407,2271,681,7523,3710,34221,1,514,1037,13386,968,811,1172,11465,1620,3176,2359,2120,3175,2802,12940,1244,100,2827,3491,5878,2886,1210,3193,
285,3069,1926,2899,2158,173,3498,1449,19702,1564,1,1090,194,604,287,487,730,8401,4932,659,698,295,852,2013,1391,605,154,1747,4325,834,2086,3140,
717,2079,1504,6137,5327,436,3364,2002,2870,1470,2970,1,1612,458,815,621,2205,729,21840,460,759,1665,1982,1085,4626,673,1412,1928,7577,1053,1548,189,
1463,772,516,4828,1510,371,7031,4830,4776,9982,750,1976,1,280,2040,1197,2617,509,1731,404,273,3383,3622,14779,786,1143,3135,12533,5595,2015,1668,590,
3318,279,2993,7318,1178,164,5404,4077,2942,1120,457,1115,2009,1,1149,837,1776,592,738,731,1715,4417,2292,1492,2282,112,1831,2957,19863,1732,1486,322,
1526,2649,54,10859,3002,2006,10321,5056,2248,2016,679,881,391,323,1,3259,1915,638,1905,988,7283,10850,5562,3477,533,299,14928,1634,5611,24293,1561,1183,
269,2110,576,9519,2046,8283,11835,2383,3192,1267,1,236,122,561,3696,1,1086,1433,1568,758,7201,23014,2114,1377,500,967,7538,316,4398,3444,1828,827,
1387,4007,992,10202,1993,764,11547,3687,13252,9300,594,2267,2111,1291,1214,3158,1,3209,3104,2044,1359,4343,3285,14593,753,892,5737,4846,8466,2836,1951,5136,
105,3978,405,6739,2709,578,3502,1344,6974,965,6996,1272,608,382,1270,1369,2742,1,1812,427,419,3529,2622,2525,661,864,662,1773,4814,4014,2404,18934,
1449,3305,7887,9646,4791,268,7190,2055,23915,3563,6004,20834,1724,690,918,1719,1647,2813,1,1600,1291,3176,4526,4660,4893,2044,1901,2940,9634,1867,2611,1932,
1830,5598,50,54765,2058,1681,6001,868,3552,2149,651,855,707,318,816,792,2597,2966,778,1,522,3317,1873,1205,264,2575,2102,123,5271,1932,6513,1144,
250,1521,243,5447,768,2781,9284,3630,2438,1693,77,275,205,1933,3215,4901,1616,715,607,716,1,50792,4947,1660,235,423,23371,869,4778,3124,1152,240,
850,5993,1054,25510,3101,11684,26192,6462,6499,2426,589,1061,1115,1790,7167,16726,4390,1876,2441,1116,34588,1,8543,3256,1472,1624,25385,2562,12082,8333,3942,1781,
3733,5963,707,16985,3634,6709,27771,17676,8100,4903,3180,2260,4702,2632,11383,5387,6588,2635,3207,1854,13233,23594,1,7405,1067,733,12979,7575,15245,31390,1883,1217,
2038,4257,1404,11145,3137,2126,12911,5971,11733,11837,1418,1182,13849,1273,3591,3603,13867,1772,3246,1959,3475,11176,6777,1,1058,1539,15932,5162,11553,8655,2601,1977,
957,2495,6881,7753,4362,66,3779,2757,3493,905,658,10058,660,2604,1186,1052,3298,1015,3709,701,917,1922,2083,1872,1,275,770,1293,28642,1686,1457,924,
654,6349,631,40447,3011,567,2795,1288,1653,826,1553,582,1,1601,878,2295,1644,2035,1668,2855,164,2028,2106,1720,800,1,2018,1190,4761,2329,25055,1591,
1663,2921,765,10249,3115,5967,14676,3600,4054,2227,506,998,1855,199,17424,5285,3274,1799,972,1057,41578,32857,7228,13453,776,1168,1,1979,7490,11249,1056,1731,
10291,2513,6071,10032,1722,995,17853,13585,6764,7128,1153,3227,14772,2784,2664,4061,6454,1667,2620,954,1549,6972,11838,6802,2580,522,2472,1,11934,6382,485,1480,
7167,16067,14539,65546,22587,3973,33670,20924,21927,9413,5874,9952,4884,31044,10839,8279,13919,4956,17273,7822,11141,26287,15869,12077,25555,3906,12984,13199,1,18429,9155,4393,
2888,2181,856,24500,3804,3594,23691,9628,9699,2442,1204,1724,2802,3993,28155,3632,3421,2788,3048,639,9447,18267,18298,5961,2219,135,13379,9637,16685,1,4134,1645,
580,9860,1146,45609,7258,586,10822,5415,5794,1611,1002,2728,875,632,3844,2600,2578,3503,2535,4820,3214,4983,3105,2654,3736,32570,2857,2794,12829,5901,1,2860,
322,2540,289,5230,1568,1104,2589,2202,23233,2266,5822,996,728,1015,895,869,4897,19812,1850,692,1142,2293,1525,1705,1432,1064,1660,2261,4665,2066,2129,1
