Preprocess the data once at each stage
Stage, Iteration, |UV-EV|/EV, UV/EV - 1, RMSE, MQE = (((|UV-EV|/EV) ** 2) ** 0.5)/N, Updated MQE = (((|UV-EV|/(UV+EV)) ** 2) ** 0.5)/N, Average Aspect Ratio (height/width),Average Aspect Ratio min(height/width)/max(height/width), Pre processing Time(sec), Iteration Time(sec)
0, 1, 0.0021, 0.0001, 0.0023, 0.0011, 0.000569, 1.006332, 0.87888, 0.0012, 0.5183
0, 2, 0.0021, 0.0001, 0.0023, 0.0011, 0.000569, 1.006337, 0.878815, 0.0012, 0.5949
0, 3, 0.0021, 0.0001, 0.0023, 0.0011, 0.000569, 1.006337, 0.878815, 0.0012, 0.6006
0, 4, 0.0021, 0.0001, 0.0023, 0.0011, 0.000569, 1.006337, 0.878815, 0.0012, 0.587
0, 5, 0.0021, 0.0001, 0.0023, 0.0011, 0.000569, 1.006338, 0.878815, 0.0012, 0.5957
1, 1, 0.0258, 0.0021, 0.0287, 0.0072, 0.003558, 1.026945, 0.862637, 0.0538, 1.6354
1, 2, 0.0121, 0.001, 0.0129, 0.0032, 0.001614, 1.028638, 0.857452, 0.0538, 1.6273
1, 3, 0.0031, 0.0002, 0.004, 0.001, 0.000503, 1.031685, 0.855508, 0.0538, 1.7529
1, 4, 0.0025, 0.0002, 0.0032, 0.0008, 0.000405, 1.032509, 0.85475, 0.0538, 1.726
2, 1, 0.0169, 0.0015, 0.0212, 0.0027, 0.001316, 1.042708, 0.851096, 0.0755, 3.3781
2, 2, 0.007, 0.0012, 0.0088, 0.0011, 0.000545, 1.038948, 0.853639, 0.0755, 3.3831
2, 3, 0.0053, 0.0003, 0.0067, 0.0008, 0.00042, 1.03811, 0.853083, 0.0755, 3.3691
3, 1, 0.0144, 0.0018, 0.0199, 0.0012, 0.000616, 1.038666, 0.851491, 0.3217, 7.0143
3, 2, 0.0086, 0.0015, 0.0117, 0.0007, 0.000361, 1.038814, 0.851209, 0.3217, 7.2118
4, 1, 0.0133, 0.0015, 0.0173, 0.0005, 0.000268, 1.039413, 0.849634, 1.2871, 17.7609
4, 2, 0.0089, 0.0017, 0.0116, 0.0004, 0.000181, 1.038971, 0.849772, 1.2871, 18.2431
4, 3, 0.0077, 0.0015, 0.01, 0.0003, 0.000155, 1.038726, 0.84988, 1.2871, 18.1016


Total Pre Processing Time(sec): 1.7393
Total Processing Time(sec): 89.8392

MSE : 1855.598
PSNR : 15.446
SSIM : 0.5847
