Preprocess the data once at each stage
Stage, Iteration, |UV-EV|/EV, UV/EV - 1, RMSE, MQE = (((|UV-EV|/EV) ** 2) ** 0.5)/N, Updated MQE = (((|UV-EV|/(UV+EV)) ** 2) ** 0.5)/N, Average Aspect Ratio (height/width),Average Aspect Ratio min(height/width)/max(height/width), Pre processing Time(sec), Iteration Time(sec)
0, 1, 0.0253, -0.0022, 0.035, 0.0175, 0.008833, 1.072945, 0.894246, 0.0013, 0.6442
0, 2, 0.0036, 0.0004, 0.0044, 0.0022, 0.001088, 1.109239, 0.886677, 0.0013, 0.6138
0, 3, 0.0023, -0.0, 0.0026, 0.0013, 0.000644, 1.103158, 0.889077, 0.0013, 0.716
0, 4, 0.0023, -0.0, 0.0026, 0.0013, 0.000644, 1.104064, 0.888718, 0.0013, 0.6095
0, 5, 0.0023, -0.0, 0.0026, 0.0013, 0.000644, 1.103926, 0.888773, 0.0013, 0.7174
1, 1, 0.1132, -0.0056, 0.1665, 0.0416, 0.020719, 1.138409, 0.756828, 0.0815, 2.1311
1, 2, 0.0737, 0.007, 0.1291, 0.0323, 0.014315, 1.103983, 0.7724, 0.0815, 1.886
1, 3, 0.0562, 0.0102, 0.1161, 0.029, 0.012232, 1.084498, 0.778526, 0.0815, 2.0555
1, 4, 0.0504, 0.0105, 0.114, 0.0285, 0.011905, 1.072213, 0.781007, 0.0815, 1.8539
2, 1, 0.1165, 0.0341, 0.1611, 0.0201, 0.009466, 1.181385, 0.677445, 0.1762, 3.913
2, 2, 0.0551, 0.0097, 0.0832, 0.0104, 0.004992, 1.176726, 0.678905, 0.1762, 4.3326
2, 3, 0.0418, 0.0051, 0.0685, 0.0086, 0.004169, 1.172537, 0.680528, 0.1762, 4.1581
3, 1, 0.1054, 0.0239, 0.1578, 0.0099, 0.004997, 1.155281, 0.668106, 0.401, 8.0614
3, 2, 0.0769, 0.0179, 0.1249, 0.0078, 0.004052, 1.153999, 0.660291, 0.401, 7.7419
4, 1, 0.123, 0.0354, 0.1921, 0.006, 0.002992, 1.212382, 0.645837, 1.5639, 20.2135
4, 2, 0.0862, 0.0283, 0.144, 0.0045, 0.002437, 1.213047, 0.644834, 1.5639, 19.5972
4, 3, 0.0771, 0.0248, 0.1303, 0.0041, 0.002305, 1.212908, 0.643813, 1.5639, 20.0057


Total Pre Processing Time(sec): 2.224
Total Processing Time(sec): 101.4747

MSE : 395.8243
PSNR : 22.1558
SSIM : 0.6464
