Preprocess the data once at each stage
Stage, Iteration, |UV-EV|/EV, UV/EV - 1, RMSE, MQE = (((|UV-EV|/EV) ** 2) ** 0.5)/N, Updated MQE = (((|UV-EV|/(UV+EV)) ** 2) ** 0.5)/N, Average Aspect Ratio (height/width),Average Aspect Ratio min(height/width)/max(height/width), Pre processing Time(sec), Iteration Time(sec)
0, 1, 0.0435, -0.0059, 0.054, 0.027, 0.014067, 1.067306, 0.82811, 0.0016, 0.9334
0, 2, 0.0092, -0.0009, 0.0105, 0.0053, 0.002624, 1.103016, 0.811324, 0.0016, 0.8121
0, 3, 0.0046, 0.0002, 0.0054, 0.0027, 0.001351, 1.093837, 0.812351, 0.0016, 0.7134
0, 4, 0.0042, -0.0011, 0.005, 0.0025, 0.001259, 1.095313, 0.812123, 0.0016, 0.7147
0, 5, 0.0042, -0.0011, 0.005, 0.0025, 0.001259, 1.095056, 0.812161, 0.0016, 0.6167
1, 1, 0.1161, 0.0313, 0.1466, 0.0366, 0.017994, 1.123295, 0.705989, 0.0237, 2.1601
1, 2, 0.0908, 0.0303, 0.1151, 0.0288, 0.014417, 1.143806, 0.702579, 0.0237, 1.7705
1, 3, 0.0868, 0.0312, 0.1025, 0.0256, 0.012631, 1.137892, 0.703912, 0.0237, 1.299
1, 4, 0.0864, 0.0318, 0.0964, 0.0241, 0.0118, 1.136407, 0.703122, 0.0237, 1.5634
2, 1, 0.1257, 0.0503, 0.145, 0.0181, 0.008617, 1.180373, 0.659701, 0.0962, 3.9913
2, 2, 0.0991, 0.0495, 0.1169, 0.0146, 0.006875, 1.193181, 0.641923, 0.0962, 3.5368
2, 3, 0.0961, 0.0476, 0.1113, 0.0139, 0.006594, 1.217926, 0.626103, 0.0962, 3.9058
3, 1, 0.1182, 0.0483, 0.1582, 0.0099, 0.004808, 1.241286, 0.626964, 0.3987, 7.9012
3, 2, 0.0987, 0.0455, 0.1285, 0.008, 0.004132, 1.271377, 0.620635, 0.3987, 7.5586
4, 1, 0.1214, 0.0481, 0.1748, 0.0055, 0.002668, 1.313389, 0.612273, 1.5504, 20.4636
4, 2, 0.1012, 0.0458, 0.1413, 0.0044, 0.002287, 1.320366, 0.613159, 1.5504, 19.9998
4, 3, 0.0961, 0.0445, 0.1346, 0.0042, 0.002205, 1.339346, 0.612958, 1.5504, 19.1267


Total Pre Processing Time(sec): 2.0707
Total Processing Time(sec): 99.1374

MSE : 2545.4283
PSNR : 14.0732
SSIM : 0.4707
