3.268085,3.268085,3.268085,3.268085,3.268085,3.268085,3.268085,3.268085,3.268085,3.268085,3.268085,3.268085,3.268085,3.268085,3.268085,3.268085,3.268085,3.268085,3.268085,3.268085,3.268085,3.268085,3.268085,3.268085,3.268085,3.268085,3.268085,3.268085,3.268085,3.268085,3.268085,3.268085,3.268085,3.268085,3.268085,3.268085,3.268085,3.268085,3.268085,3.268085,3.268085,3.268085,3.268085,3.268085,3.268085,3.268085,3.268085,3.268085,3.268085,3.268085,3.268085,3.268085,3.268085,3.268085,3.268085,3.268085,3.268085,3.268085,3.268085,3.268085,3.268085,3.268085,3.268085,3.268085,
3.268085,3.268085,3.268085,3.268085,3.268085,3.268085,3.268085,3.268085,3.268085,3.268085,3.268085,3.268085,3.268085,3.268085,3.268085,3.268085,3.268085,3.268085,3.268085,3.268085,3.268085,3.268085,3.268085,3.268085,3.268085,3.268085,3.268085,3.268085,3.268085,3.268085,3.268085,3.268085,3.268085,3.268085,3.268085,3.268085,3.268085,3.268085,3.268085,3.268085,3.268085,3.268085,3.268085,3.268085,3.268085,3.268085,3.268085,3.268085,3.268085,3.268085,3.268085,3.268085,3.268085,3.268085,3.268085,3.268085,3.268085,3.268085,3.268085,3.268085,3.268085,3.268085,3.268085,3.268085,
3.268085,3.268085,3.268085,3.268085,3.268085,3.268085,3.268085,3.268085,3.268085,3.268085,3.268085,3.268085,3.268085,3.268085,3.268085,3.268085,3.268085,3.268085,3.268085,3.268085,3.268085,3.268085,3.268085,3.268085,3.268085,3.268085,3.268085,3.268085,3.268085,3.268085,3.268085,3.268085,3.268085,3.268085,3.268085,3.268085,3.268085,3.268085,3.268085,3.268085,3.268085,3.268085,3.268085,3.268085,3.268085,3.268085,3.268085,3.268085,4.357447,3.268085,3.268085,3.268085,3.268085,3.268085,3.268085,3.268085,3.268085,3.268085,3.268085,3.268085,3.268085,3.268085,3.268085,3.268085,
3.268085,3.268085,3.268085,3.268085,3.268085,3.268085,3.268085,3.268085,3.268085,3.268085,3.268085,3.268085,3.268085,3.268085,3.268085,3.268085,3.268085,4.357447,3.268085,3.268085,3.268085,3.268085,3.268085,3.268085,3.268085,3.268085,3.268085,3.268085,3.268085,3.268085,3.268085,3.268085,3.268085,3.268085,3.268085,3.268085,3.268085,3.268085,3.268085,3.268085,3.268085,3.268085,3.268085,3.268085,3.268085,3.268085,3.268085,3.268085,3.268085,3.268085,3.268085,3.268085,3.268085,3.268085,3.268085,3.268085,3.268085,3.268085,3.268085,3.268085,3.268085,3.268085,3.268085,3.268085,
3.268085,3.268085,3.268085,3.268085,3.268085,3.268085,3.268085,3.268085,3.268085,3.268085,3.268085,3.268085,3.268085,3.268085,3.268085,3.268085,3.268085,3.268085,3.268085,3.268085,3.268085,3.268085,3.268085,3.268085,3.268085,3.268085,3.268085,3.268085,3.268085,3.268085,3.268085,3.268085,3.268085,3.268085,3.268085,3.268085,3.268085,3.268085,3.268085,3.268085,3.268085,3.268085,3.268085,3.268085,3.268085,3.268085,3.268085,3.268085,3.268085,3.268085,3.268085,3.268085,3.268085,3.268085,3.268085,3.268085,3.268085,3.268085,3.268085,3.268085,3.268085,3.268085,3.268085,3.268085,
3.268085,3.268085,3.268085,3.268085,3.268085,3.268085,3.268085,3.268085,3.268085,3.268085,3.268085,3.268085,3.268085,3.268085,3.268085,3.268085,3.268085,3.268085,3.268085,3.268085,3.268085,3.268085,3.268085,3.268085,3.268085,3.268085,3.268085,3.268085,3.268085,3.268085,3.268085,3.268085,3.268085,3.268085,3.268085,3.268085,3.268085,3.268085,3.268085,3.268085,3.268085,3.268085,3.268085,3.268085,3.268085,3.268085,3.268085,3.268085,3.268085,3.268085,3.268085,3.268085,3.268085,3.268085,3.268085,3.268085,3.268085,3.268085,3.268085,3.268085,3.268085,3.268085,3.268085,3.268085,
3.268085,3.268085,3.268085,3.268085,3.268085,3.268085,3.268085,3.268085,3.268085,3.268085,3.268085,3.268085,3.268085,3.268085,3.268085,3.268085,3.268085,3.268085,3.268085,3.268085,3.268085,3.268085,3.268085,3.268085,3.268085,3.268085,3.268085,3.268085,3.268085,3.268085,3.268085,3.268085,3.268085,3.268085,3.268085,3.268085,3.268085,3.268085,3.268085,3.268085,3.268085,3.268085,3.268085,3.268085,3.268085,4.357447,3.268085,3.268085,3.268085,3.268085,3.268085,3.268085,3.268085,3.268085,3.268085,3.268085,3.268085,3.268085,3.268085,3.268085,3.268085,3.268085,3.268085,3.268085,
3.268085,3.268085,3.268085,3.268085,3.268085,3.268085,3.268085,3.268085,3.268085,3.268085,3.268085,3.268085,3.268085,3.268085,4.357447,3.268085,3.268085,3.268085,3.268085,3.268085,3.268085,3.268085,3.268085,3.268085,3.268085,3.268085,3.268085,3.268085,3.268085,3.268085,3.268085,3.268085,3.268085,3.268085,3.268085,3.268085,3.268085,3.268085,3.268085,3.268085,3.268085,3.268085,3.268085,3.268085,3.268085,3.268085,3.268085,4.357447,3.268085,3.268085,3.268085,3.268085,3.268085,3.268085,3.268085,3.268085,3.268085,3.268085,3.268085,3.268085,3.268085,3.268085,3.268085,3.268085,
3.268085,3.268085,3.268085,3.268085,3.268085,3.268085,3.268085,3.268085,3.268085,3.268085,3.268085,3.268085,3.268085,3.268085,3.268085,4.357447,3.268085,3.268085,3.268085,3.268085,3.268085,3.268085,3.268085,3.268085,3.268085,3.268085,3.268085,3.268085,3.268085,3.268085,3.268085,3.268085,3.268085,3.268085,3.268085,3.268085,3.268085,3.268085,3.268085,3.268085,3.268085,3.268085,3.268085,3.268085,3.268085,3.268085,3.268085,3.268085,3.268085,4.357447,3.268085,3.268085,3.268085,3.268085,3.268085,3.268085,3.268085,3.268085,3.268085,3.268085,3.268085,3.268085,3.268085,3.268085,
3.268085,3.268085,3.268085,3.268085,3.268085,3.268085,3.268085,3.268085,3.268085,3.268085,3.268085,3.268085,3.268085,3.268085,3.268085,3.268085,3.268085,4.357447,3.268085,3.268085,3.268085,3.268085,3.268085,3.268085,3.268085,3.268085,3.268085,3.268085,3.268085,3.268085,3.268085,3.268085,3.268085,3.268085,3.268085,3.268085,3.268085,3.268085,3.268085,3.268085,3.268085,3.268085,3.268085,4.357447,3.268085,3.268085,3.268085,3.268085,3.268085,3.268085,3.268085,3.268085,3.268085,3.268085,3.268085,3.268085,3.268085,3.268085,3.268085,3.268085,3.268085,3.268085,3.268085,3.268085,
3.268085,3.268085,3.268085,3.268085,3.268085,3.268085,3.268085,3.268085,3.268085,3.268085,3.268085,3.268085,3.268085,4.357447,3.268085,3.268085,3.268085,3.268085,4.357447,3.268085,3.268085,3.268085,3.268085,3.268085,3.268085,3.268085,3.268085,3.268085,3.268085,3.268085,3.268085,3.268085,3.268085,3.268085,3.268085,3.268085,3.268085,3.268085,3.268085,3.268085,3.268085,4.357447,3.268085,3.268085,4.357447,3.268085,3.268085,3.268085,4.357447,4.357447,3.268085,3.268085,3.268085,3.268085,3.268085,3.268085,3.268085,3.268085,3.268085,3.268085,3.268085,3.268085,3.268085,3.268085,
3.268085,3.268085,3.268085,3.268085,3.268085,3.268085,3.268085,3.268085,3.268085,3.268085,3.268085,3.268085,4.357447,3.268085,3.268085,4.357447,4.357447,4.357447,3.268085,3.268085,3.268085,3.268085,3.268085,3.268085,3.268085,3.268085,3.268085,3.268085,3.268085,3.268085,3.268085,3.268085,3.268085,3.268085,3.268085,3.268085,3.268085,3.268085,3.268085,3.268085,3.268085,3.268085,3.268085,4.357447,3.268085,3.268085,8.714894,3.268085,13.072340,4.357447,3.268085,3.268085,3.268085,3.268085,3.268085,3.268085,3.268085,3.268085,3.268085,3.268085,3.268085,3.268085,3.268085,3.268085,
3.268085,3.268085,3.268085,3.268085,3.268085,3.268085,3.268085,3.268085,3.268085,3.268085,3.268085,3.268085,3.268085,3.268085,3.268085,4.357447,4.357447,3.268085,4.357447,3.268085,3.268085,3.268085,3.268085,3.268085,3.268085,3.268085,3.268085,3.268085,3.268085,3.268085,3.268085,3.268085,3.268085,3.268085,3.268085,3.268085,3.268085,3.268085,3.268085,3.268085,4.357447,3.268085,3.268085,3.268085,3.268085,3.268085,4.357447,4.357447,3.268085,8.714894,3.268085,3.268085,3.268085,3.268085,3.268085,3.268085,3.268085,3.268085,3.268085,3.268085,3.268085,3.268085,3.268085,3.268085,
3.268085,3.268085,3.268085,3.268085,3.268085,3.268085,3.268085,3.268085,3.268085,3.268085,3.268085,3.268085,3.268085,3.268085,8.714894,8.714894,4.357447,4.357447,3.268085,8.714894,3.268085,3.268085,3.268085,3.268085,3.268085,3.268085,4.357447,3.268085,3.268085,3.268085,3.268085,3.268085,3.268085,3.268085,3.268085,3.268085,3.268085,3.268085,3.268085,3.268085,3.268085,3.268085,4.357447,3.268085,8.714894,13.072340,8.714894,4.357447,8.714894,3.268085,8.714894,3.268085,4.357447,3.268085,4.357447,3.268085,3.268085,3.268085,3.268085,3.268085,3.268085,3.268085,3.268085,3.268085,
3.268085,3.268085,3.268085,3.268085,3.268085,3.268085,4.357447,3.268085,3.268085,3.268085,3.268085,4.357447,4.357447,8.714894,13.072340,3.268085,8.714894,3.268085,4.357447,4.357447,3.268085,4.357447,4.357447,3.268085,3.268085,3.268085,3.268085,3.268085,3.268085,3.268085,3.268085,3.268085,3.268085,3.268085,3.268085,3.268085,3.268085,4.357447,3.268085,3.268085,3.268085,3.268085,4.357447,4.357447,8.714894,4.357447,8.714894,17.429787,4.357447,17.429787,4.357447,8.714894,4.357447,3.268085,4.357447,3.268085,3.268085,3.268085,3.268085,3.268085,3.268085,3.268085,3.268085,3.268085,
3.268085,3.268085,3.268085,3.268085,3.268085,3.268085,3.268085,3.268085,3.268085,3.268085,3.268085,13.072340,3.268085,8.714894,8.714894,8.714894,13.072340,4.357447,8.714894,3.268085,3.268085,3.268085,4.357447,3.268085,3.268085,3.268085,3.268085,3.268085,3.268085,3.268085,3.268085,3.268085,3.268085,3.268085,3.268085,3.268085,3.268085,3.268085,3.268085,3.268085,3.268085,3.268085,13.072340,13.072340,4.357447,4.357447,26.144681,8.714894,8.714894,3.268085,13.072340,3.268085,3.268085,8.714894,3.268085,3.268085,3.268085,3.268085,3.268085,3.268085,3.268085,3.268085,3.268085,3.268085,
3.268085,3.268085,3.268085,3.268085,3.268085,3.268085,3.268085,3.268085,4.357447,3.268085,8.714894,4.357447,8.714894,17.429787,4.357447,3.268085,4.357447,4.357447,4.357447,3.268085,3.268085,3.268085,4.357447,3.268085,3.268085,3.268085,3.268085,3.268085,3.268085,3.268085,3.268085,3.268085,3.268085,3.268085,3.268085,3.268085,3.268085,3.268085,3.268085,4.357447,4.357447,8.714894,3.268085,8.714894,17.429787,13.072340,4.357447,4.357447,4.357447,4.357447,4.357447,3.268085,3.268085,4.357447,3.268085,3.268085,3.268085,3.268085,3.268085,3.268085,3.268085,3.268085,3.268085,3.268085,
3.268085,3.268085,3.268085,3.268085,3.268085,3.268085,3.268085,3.268085,3.268085,4.357447,3.268085,3.268085,4.357447,4.357447,4.357447,4.357447,4.357447,8.714894,3.268085,3.268085,4.357447,3.268085,3.268085,3.268085,4.357447,3.268085,3.268085,3.268085,3.268085,3.268085,3.268085,3.268085,3.268085,3.268085,3.268085,3.268085,3.268085,3.268085,3.268085,4.357447,3.268085,3.268085,3.268085,8.714894,4.357447,4.357447,3.268085,8.714894,17.429787,3.268085,8.714894,8.714894,4.357447,3.268085,3.268085,3.268085,3.268085,3.268085,3.268085,3.268085,3.268085,3.268085,3.268085,3.268085,
3.268085,3.268085,3.268085,3.268085,3.268085,3.268085,3.268085,3.268085,3.268085,3.268085,4.357447,3.268085,13.072340,8.714894,4.357447,13.072340,4.357447,3.268085,3.268085,3.268085,4.357447,3.268085,3.268085,3.268085,3.268085,4.357447,3.268085,4.357447,3.268085,3.268085,3.268085,3.268085,3.268085,3.268085,3.268085,3.268085,3.268085,3.268085,3.268085,3.268085,3.268085,8.714894,4.357447,17.429787,8.714894,8.714894,17.429787,8.714894,4.357447,8.714894,3.268085,4.357447,3.268085,3.268085,3.268085,3.268085,3.268085,3.268085,3.268085,3.268085,3.268085,3.268085,3.268085,3.268085,
3.268085,3.268085,3.268085,3.268085,3.268085,3.268085,3.268085,3.268085,3.268085,4.357447,4.357447,3.268085,8.714894,3.268085,8.714894,4.357447,8.714894,3.268085,3.268085,4.357447,3.268085,3.268085,3.268085,3.268085,3.268085,3.268085,3.268085,4.357447,3.268085,3.268085,3.268085,3.268085,3.268085,3.268085,3.268085,3.268085,3.268085,3.268085,4.357447,3.268085,4.357447,4.357447,3.268085,17.429787,3.268085,8.714894,3.268085,30.502128,13.072340,3.268085,4.357447,8.714894,4.357447,3.268085,3.268085,3.268085,3.268085,3.268085,3.268085,3.268085,3.268085,3.268085,3.268085,3.268085,
3.268085,3.268085,3.268085,3.268085,3.268085,3.268085,3.268085,3.268085,3.268085,3.268085,4.357447,3.268085,3.268085,3.268085,3.268085,8.714894,3.268085,4.357447,4.357447,3.268085,3.268085,3.268085,4.357447,3.268085,3.268085,3.268085,3.268085,3.268085,3.268085,3.268085,3.268085,3.268085,3.268085,3.268085,4.357447,3.268085,3.268085,3.268085,3.268085,3.268085,3.268085,4.357447,3.268085,4.357447,3.268085,4.357447,8.714894,4.357447,4.357447,8.714894,3.268085,4.357447,3.268085,3.268085,4.357447,4.357447,3.268085,3.268085,3.268085,3.268085,3.268085,3.268085,3.268085,3.268085,
3.268085,3.268085,3.268085,3.268085,3.268085,3.268085,3.268085,3.268085,3.268085,3.268085,3.268085,8.714894,4.357447,3.268085,3.268085,8.714894,4.357447,3.268085,8.714894,3.268085,4.357447,4.357447,3.268085,3.268085,4.357447,4.357447,4.357447,8.714894,3.268085,3.268085,3.268085,3.268085,3.268085,3.268085,3.268085,3.268085,3.268085,3.268085,3.268085,3.268085,3.268085,3.268085,4.357447,4.357447,3.268085,4.357447,8.714894,13.072340,3.268085,8.714894,3.268085,3.268085,4.357447,3.268085,3.268085,3.268085,3.268085,3.268085,3.268085,3.268085,3.268085,3.268085,3.268085,3.268085,
3.268085,3.268085,3.268085,3.268085,3.268085,3.268085,3.268085,3.268085,3.268085,3.268085,3.268085,3.268085,4.357447,3.268085,4.357447,4.357447,3.268085,4.357447,3.268085,3.268085,3.268085,3.268085,3.268085,8.714894,3.268085,4.357447,4.357447,3.268085,4.357447,3.268085,3.268085,3.268085,3.268085,3.268085,3.268085,3.268085,3.268085,3.268085,3.268085,3.268085,3.268085,4.357447,4.357447,8.714894,3.268085,4.357447,3.268085,4.357447,3.268085,3.268085,3.268085,3.268085,13.072340,3.268085,3.268085,3.268085,3.268085,3.268085,3.268085,3.268085,3.268085,3.268085,3.268085,3.268085,
3.268085,3.268085,3.268085,3.268085,3.268085,3.268085,3.268085,3.268085,3.268085,3.268085,3.268085,3.268085,3.268085,3.268085,3.268085,8.714894,13.072340,3.268085,3.268085,3.268085,3.268085,4.357447,4.357447,13.072340,4.357447,13.072340,4.357447,3.268085,8.714894,3.268085,4.357447,3.268085,3.268085,3.268085,3.268085,3.268085,3.268085,3.268085,3.268085,3.268085,3.268085,3.268085,3.268085,3.268085,3.268085,3.268085,3.268085,3.268085,4.357447,4.357447,3.268085,3.268085,3.268085,3.268085,3.268085,3.268085,3.268085,3.268085,3.268085,3.268085,3.268085,3.268085,3.268085,3.268085,
3.268085,3.268085,3.268085,3.268085,3.268085,3.268085,3.268085,3.268085,3.268085,3.268085,3.268085,3.268085,3.268085,3.268085,3.268085,3.268085,3.268085,3.268085,3.268085,3.268085,4.357447,8.714894,8.714894,8.714894,4.357447,3.268085,8.714894,3.268085,4.357447,3.268085,3.268085,4.357447,4.357447,3.268085,3.268085,3.268085,3.268085,3.268085,3.268085,3.268085,3.268085,3.268085,3.268085,3.268085,3.268085,3.268085,3.268085,13.072340,3.268085,3.268085,3.268085,3.268085,3.268085,3.268085,4.357447,4.357447,3.268085,3.268085,3.268085,3.268085,3.268085,3.268085,3.268085,3.268085,
3.268085,3.268085,3.268085,3.268085,3.268085,3.268085,3.268085,3.268085,3.268085,3.268085,3.268085,3.268085,3.268085,3.268085,3.268085,3.268085,3.268085,3.268085,4.357447,4.357447,4.357447,13.072340,8.714894,3.268085,17.429787,8.714894,8.714894,4.357447,8.714894,3.268085,3.268085,4.357447,3.268085,3.268085,3.268085,3.268085,3.268085,3.268085,3.268085,3.268085,3.268085,3.268085,3.268085,3.268085,3.268085,3.268085,3.268085,3.268085,3.268085,3.268085,3.268085,3.268085,3.268085,3.268085,3.268085,3.268085,3.268085,3.268085,3.268085,3.268085,3.268085,3.268085,3.268085,3.268085,
3.268085,3.268085,3.268085,3.268085,3.268085,3.268085,3.268085,3.268085,3.268085,3.268085,3.268085,3.268085,3.268085,3.268085,3.268085,3.268085,3.268085,3.268085,4.357447,4.357447,3.268085,3.268085,3.268085,8.714894,3.268085,4.357447,8.714894,3.268085,3.268085,3.268085,3.268085,3.268085,3.268085,3.268085,3.268085,3.268085,3.268085,3.268085,3.268085,3.268085,3.268085,3.268085,3.268085,3.268085,3.268085,3.268085,3.268085,3.268085,3.268085,3.268085,3.268085,3.268085,3.268085,3.268085,3.268085,3.268085,3.268085,3.268085,3.268085,3.268085,3.268085,3.268085,3.268085,3.268085,
3.268085,3.268085,3.268085,3.268085,3.268085,3.268085,3.268085,3.268085,3.268085,3.268085,3.268085,3.268085,3.268085,3.268085,3.268085,3.268085,3.268085,3.268085,3.268085,3.268085,4.357447,3.268085,21.787234,4.357447,8.714894,8.714894,4.357447,3.268085,3.268085,3.268085,4.357447,3.268085,3.268085,3.268085,3.268085,3.268085,3.268085,3.268085,3.268085,3.268085,3.268085,3.268085,3.268085,3.268085,3.268085,3.268085,3.268085,3.268085,3.268085,3.268085,3.268085,3.268085,3.268085,3.268085,3.268085,3.268085,3.268085,3.268085,3.268085,3.268085,3.268085,3.268085,3.268085,3.268085,
3.268085,3.268085,3.268085,3.268085,3.268085,3.268085,3.268085,3.268085,3.268085,3.268085,3.268085,3.268085,3.268085,3.268085,3.268085,3.268085,3.268085,3.268085,3.268085,8.714894,3.268085,4.357447,4.357447,4.357447,3.268085,8.714894,8.714894,3.268085,3.268085,3.268085,4.357447,3.268085,3.268085,3.268085,3.268085,3.268085,3.268085,3.268085,3.268085,3.268085,3.268085,3.268085,3.268085,3.268085,3.268085,3.268085,3.268085,3.268085,3.268085,3.268085,3.268085,3.268085,3.268085,3.268085,3.268085,3.268085,3.268085,3.268085,3.268085,3.268085,3.268085,3.268085,3.268085,3.268085,
3.268085,3.268085,3.268085,3.268085,3.268085,3.268085,3.268085,3.268085,3.268085,3.268085,3.268085,3.268085,3.268085,3.268085,3.268085,3.268085,3.268085,3.268085,3.268085,3.268085,4.357447,4.357447,3.268085,4.357447,4.357447,3.268085,3.268085,8.714894,4.357447,3.268085,3.268085,3.268085,3.268085,3.268085,3.268085,3.268085,3.268085,3.268085,3.268085,3.268085,3.268085,3.268085,3.268085,3.268085,3.268085,3.268085,3.268085,3.268085,3.268085,3.268085,3.268085,3.268085,3.268085,3.268085,3.268085,3.268085,3.268085,3.268085,3.268085,3.268085,3.268085,3.268085,3.268085,3.268085,
3.268085,3.268085,3.268085,3.268085,3.268085,3.268085,3.268085,3.268085,3.268085,3.268085,3.268085,3.268085,3.268085,3.268085,3.268085,3.268085,3.268085,3.268085,3.268085,3.268085,3.268085,4.357447,3.268085,3.268085,8.714894,13.072340,3.268085,8.714894,3.268085,3.268085,3.268085,3.268085,3.268085,3.268085,3.268085,3.268085,3.268085,3.268085,3.268085,3.268085,3.268085,3.268085,3.268085,3.268085,3.268085,3.268085,3.268085,3.268085,3.268085,3.268085,3.268085,3.268085,3.268085,3.268085,3.268085,3.268085,3.268085,3.268085,3.268085,3.268085,3.268085,3.268085,3.268085,3.268085,
3.268085,3.268085,3.268085,3.268085,3.268085,3.268085,3.268085,3.268085,3.268085,3.268085,3.268085,3.268085,3.268085,3.268085,3.268085,3.268085,3.268085,3.268085,3.268085,3.268085,4.357447,4.357447,4.357447,4.357447,3.268085,4.357447,3.268085,3.268085,3.268085,4.357447,3.268085,3.268085,3.268085,3.268085,3.268085,3.268085,3.268085,3.268085,3.268085,3.268085,3.268085,3.268085,3.268085,3.268085,3.268085,3.268085,3.268085,3.268085,3.268085,3.268085,3.268085,3.268085,3.268085,3.268085,3.268085,3.268085,3.268085,3.268085,3.268085,3.268085,3.268085,3.268085,3.268085,3.268085,
3.268085,3.268085,3.268085,3.268085,3.268085,3.268085,3.268085,3.268085,3.268085,3.268085,3.268085,3.268085,3.268085,3.268085,3.268085,3.268085,3.268085,3.268085,3.268085,3.268085,3.268085,3.268085,3.268085,3.268085,3.268085,3.268085,4.357447,4.357447,3.268085,3.268085,3.268085,3.268085,4.357447,3.268085,3.268085,3.268085,3.268085,3.268085,3.268085,3.268085,3.268085,3.268085,3.268085,3.268085,3.268085,3.268085,3.268085,3.268085,3.268085,3.268085,3.268085,3.268085,3.268085,3.268085,3.268085,3.268085,3.268085,3.268085,3.268085,3.268085,3.268085,3.268085,3.268085,3.268085,
3.268085,3.268085,3.268085,3.268085,3.268085,3.268085,3.268085,3.268085,3.268085,3.268085,3.268085,3.268085,3.268085,3.268085,3.268085,3.268085,3.268085,3.268085,3.268085,3.268085,3.268085,3.268085,3.268085,3.268085,3.268085,13.072340,3.268085,3.268085,3.268085,3.268085,3.268085,3.268085,3.268085,3.268085,3.268085,3.268085,3.268085,3.268085,3.268085,3.268085,3.268085,3.268085,3.268085,3.268085,3.268085,3.268085,3.268085,3.268085,3.268085,3.268085,3.268085,3.268085,3.268085,3.268085,3.268085,3.268085,3.268085,3.268085,3.268085,3.268085,3.268085,3.268085,3.268085,3.268085,
3.268085,3.268085,3.268085,3.268085,3.268085,3.268085,3.268085,3.268085,3.268085,3.268085,3.268085,3.268085,3.268085,3.268085,3.268085,3.268085,3.268085,3.268085,3.268085,3.268085,3.268085,3.268085,3.268085,3.268085,3.268085,3.268085,3.268085,3.268085,3.268085,3.268085,3.268085,3.268085,3.268085,3.268085,3.268085,3.268085,3.268085,3.268085,3.268085,3.268085,3.268085,3.268085,3.268085,3.268085,3.268085,3.268085,3.268085,3.268085,3.268085,3.268085,3.268085,3.268085,3.268085,3.268085,3.268085,3.268085,3.268085,3.268085,3.268085,3.268085,3.268085,3.268085,3.268085,3.268085,
3.268085,3.268085,3.268085,3.268085,3.268085,3.268085,3.268085,3.268085,3.268085,3.268085,3.268085,3.268085,3.268085,3.268085,3.268085,3.268085,3.268085,3.268085,3.268085,3.268085,3.268085,3.268085,3.268085,3.268085,3.268085,3.268085,3.268085,3.268085,3.268085,3.268085,3.268085,3.268085,3.268085,3.268085,3.268085,3.268085,3.268085,3.268085,3.268085,3.268085,3.268085,3.268085,3.268085,3.268085,3.268085,3.268085,3.268085,3.268085,3.268085,3.268085,3.268085,3.268085,3.268085,3.268085,3.268085,3.268085,3.268085,3.268085,3.268085,3.268085,3.268085,3.268085,3.268085,3.268085,
3.268085,3.268085,3.268085,3.268085,3.268085,3.268085,3.268085,3.268085,3.268085,3.268085,3.268085,3.268085,3.268085,3.268085,3.268085,3.268085,3.268085,3.268085,3.268085,3.268085,3.268085,3.268085,3.268085,3.268085,3.268085,3.268085,3.268085,3.268085,3.268085,3.268085,3.268085,3.268085,3.268085,3.268085,3.268085,3.268085,3.268085,3.268085,3.268085,3.268085,3.268085,3.268085,3.268085,3.268085,3.268085,3.268085,3.268085,3.268085,3.268085,3.268085,3.268085,3.268085,3.268085,3.268085,3.268085,3.268085,3.268085,3.268085,3.268085,3.268085,3.268085,3.268085,3.268085,3.268085,
3.268085,3.268085,3.268085,3.268085,3.268085,3.268085,3.268085,3.268085,3.268085,3.268085,3.268085,3.268085,3.268085,3.268085,3.268085,3.268085,3.268085,3.268085,3.268085,3.268085,3.268085,3.268085,3.268085,3.268085,3.268085,3.268085,3.268085,3.268085,3.268085,3.268085,3.268085,3.268085,3.268085,3.268085,3.268085,3.268085,3.268085,3.268085,3.268085,3.268085,3.268085,3.268085,3.268085,3.268085,3.268085,3.268085,3.268085,3.268085,3.268085,3.268085,3.268085,3.268085,3.268085,3.268085,3.268085,3.268085,3.268085,3.268085,3.268085,3.268085,3.268085,3.268085,3.268085,3.268085,
3.268085,3.268085,3.268085,3.268085,3.268085,3.268085,3.268085,3.268085,3.268085,3.268085,3.268085,3.268085,3.268085,3.268085,3.268085,3.268085,3.268085,3.268085,3.268085,3.268085,3.268085,3.268085,3.268085,3.268085,3.268085,3.268085,3.268085,3.268085,3.268085,3.268085,3.268085,3.268085,3.268085,3.268085,3.268085,3.268085,3.268085,3.268085,3.268085,3.268085,3.268085,3.268085,3.268085,3.268085,3.268085,3.268085,3.268085,3.268085,3.268085,3.268085,3.268085,3.268085,3.268085,3.268085,3.268085,3.268085,3.268085,3.268085,3.268085,3.268085,3.268085,3.268085,3.268085,3.268085,
3.268085,3.268085,3.268085,3.268085,3.268085,3.268085,3.268085,3.268085,3.268085,3.268085,3.268085,3.268085,3.268085,3.268085,3.268085,3.268085,3.268085,3.268085,3.268085,3.268085,3.268085,3.268085,3.268085,3.268085,3.268085,3.268085,3.268085,3.268085,3.268085,3.268085,3.268085,3.268085,3.268085,3.268085,3.268085,3.268085,3.268085,3.268085,3.268085,3.268085,3.268085,3.268085,3.268085,3.268085,3.268085,3.268085,3.268085,3.268085,3.268085,3.268085,3.268085,3.268085,3.268085,3.268085,3.268085,3.268085,3.268085,3.268085,3.268085,3.268085,3.268085,3.268085,3.268085,3.268085,
3.268085,3.268085,3.268085,3.268085,3.268085,3.268085,3.268085,3.268085,3.268085,3.268085,3.268085,3.268085,3.268085,3.268085,3.268085,3.268085,3.268085,3.268085,3.268085,3.268085,3.268085,3.268085,3.268085,3.268085,3.268085,3.268085,3.268085,3.268085,3.268085,3.268085,3.268085,3.268085,3.268085,3.268085,3.268085,3.268085,3.268085,3.268085,3.268085,3.268085,3.268085,3.268085,3.268085,3.268085,3.268085,3.268085,3.268085,3.268085,3.268085,3.268085,3.268085,3.268085,3.268085,3.268085,3.268085,3.268085,3.268085,3.268085,3.268085,3.268085,3.268085,3.268085,3.268085,3.268085,
3.268085,3.268085,3.268085,3.268085,3.268085,3.268085,3.268085,3.268085,3.268085,3.268085,3.268085,3.268085,3.268085,3.268085,3.268085,3.268085,4.357447,3.268085,3.268085,3.268085,3.268085,3.268085,3.268085,3.268085,3.268085,3.268085,3.268085,3.268085,3.268085,3.268085,3.268085,3.268085,3.268085,3.268085,3.268085,3.268085,3.268085,3.268085,3.268085,3.268085,3.268085,3.268085,3.268085,3.268085,3.268085,3.268085,3.268085,3.268085,3.268085,3.268085,3.268085,3.268085,3.268085,3.268085,3.268085,3.268085,3.268085,3.268085,3.268085,3.268085,3.268085,3.268085,3.268085,3.268085,
3.268085,3.268085,3.268085,3.268085,3.268085,3.268085,3.268085,3.268085,3.268085,3.268085,3.268085,3.268085,3.268085,3.268085,3.268085,3.268085,3.268085,3.268085,3.268085,3.268085,3.268085,3.268085,3.268085,3.268085,3.268085,3.268085,3.268085,3.268085,3.268085,3.268085,3.268085,3.268085,3.268085,3.268085,3.268085,3.268085,3.268085,3.268085,3.268085,3.268085,3.268085,3.268085,3.268085,3.268085,3.268085,3.268085,3.268085,3.268085,3.268085,3.268085,3.268085,3.268085,3.268085,3.268085,3.268085,3.268085,3.268085,3.268085,3.268085,3.268085,3.268085,3.268085,3.268085,3.268085,
3.268085,3.268085,3.268085,3.268085,3.268085,3.268085,3.268085,3.268085,3.268085,3.268085,3.268085,3.268085,3.268085,4.357447,3.268085,8.714894,4.357447,3.268085,3.268085,3.268085,3.268085,3.268085,3.268085,3.268085,3.268085,3.268085,3.268085,3.268085,3.268085,3.268085,3.268085,3.268085,3.268085,3.268085,3.268085,3.268085,3.268085,3.268085,3.268085,3.268085,3.268085,3.268085,3.268085,3.268085,3.268085,3.268085,3.268085,3.268085,3.268085,3.268085,3.268085,3.268085,3.268085,3.268085,3.268085,3.268085,3.268085,3.268085,3.268085,3.268085,3.268085,3.268085,3.268085,3.268085,
3.268085,3.268085,3.268085,3.268085,3.268085,3.268085,3.268085,3.268085,3.268085,3.268085,3.268085,3.268085,3.268085,4.357447,21.787234,3.268085,34.859574,8.714894,3.268085,3.268085,3.268085,3.268085,3.268085,3.268085,3.268085,3.268085,3.268085,3.268085,3.268085,3.268085,3.268085,3.268085,3.268085,3.268085,3.268085,3.268085,3.268085,3.268085,3.268085,3.268085,3.268085,3.268085,3.268085,3.268085,3.268085,3.268085,3.268085,3.268085,3.268085,3.268085,3.268085,3.268085,3.268085,3.268085,3.268085,3.268085,3.268085,3.268085,3.268085,3.268085,3.268085,3.268085,3.268085,3.268085,
3.268085,3.268085,3.268085,3.268085,3.268085,3.268085,3.268085,3.268085,3.268085,3.268085,3.268085,4.357447,21.787234,17.429787,13.072340,39.217021,39.217021,13.072340,4.357447,8.714894,3.268085,3.268085,3.268085,3.268085,3.268085,3.268085,3.268085,3.268085,3.268085,3.268085,3.268085,3.268085,3.268085,3.268085,3.268085,3.268085,3.268085,3.268085,3.268085,3.268085,3.268085,3.268085,3.268085,3.268085,3.268085,3.268085,3.268085,3.268085,3.268085,3.268085,3.268085,3.268085,3.268085,3.268085,3.268085,3.268085,3.268085,3.268085,3.268085,3.268085,3.268085,3.268085,3.268085,3.268085,
3.268085,3.268085,3.268085,3.268085,3.268085,3.268085,3.268085,3.268085,3.268085,3.268085,8.714894,3.268085,8.714894,30.502128,43.574468,56.646809,56.646809,26.144681,21.787234,8.714894,3.268085,4.357447,3.268085,3.268085,3.268085,3.268085,3.268085,3.268085,3.268085,3.268085,3.268085,3.268085,3.268085,3.268085,3.268085,3.268085,3.268085,3.268085,3.268085,3.268085,3.268085,3.268085,3.268085,3.268085,3.268085,3.268085,3.268085,3.268085,3.268085,3.268085,3.268085,3.268085,3.268085,3.268085,3.268085,3.268085,3.268085,3.268085,3.268085,3.268085,3.268085,3.268085,3.268085,3.268085,
3.268085,3.268085,3.268085,3.268085,3.268085,3.268085,3.268085,3.268085,3.268085,3.268085,3.268085,3.268085,13.072340,65.361702,91.506383,117.651064,65.361702,47.931915,17.429787,8.714894,3.268085,3.268085,3.268085,3.268085,3.268085,3.268085,3.268085,3.268085,3.268085,3.268085,3.268085,3.268085,3.268085,3.268085,3.268085,3.268085,3.268085,3.268085,3.268085,3.268085,3.268085,3.268085,3.268085,3.268085,3.268085,3.268085,3.268085,3.268085,3.268085,3.268085,3.268085,3.268085,3.268085,3.268085,3.268085,3.268085,3.268085,3.268085,3.268085,3.268085,3.268085,3.268085,3.268085,3.268085,
3.268085,3.268085,3.268085,3.268085,3.268085,3.268085,3.268085,3.268085,3.268085,3.268085,4.357447,8.714894,21.787234,34.859574,95.863830,78.434043,74.076596,43.574468,30.502128,8.714894,13.072340,3.268085,3.268085,3.268085,3.268085,3.268085,3.268085,3.268085,3.268085,3.268085,3.268085,3.268085,3.268085,3.268085,3.268085,3.268085,3.268085,3.268085,3.268085,3.268085,3.268085,3.268085,3.268085,3.268085,3.268085,3.268085,3.268085,3.268085,3.268085,3.268085,3.268085,3.268085,3.268085,3.268085,3.268085,3.268085,3.268085,3.268085,3.268085,3.268085,3.268085,3.268085,3.268085,3.268085,
3.268085,3.268085,3.268085,3.268085,3.268085,3.268085,3.268085,3.268085,3.268085,3.268085,4.357447,4.357447,34.859574,21.787234,82.791489,91.506383,95.863830,47.931915,26.144681,13.072340,4.357447,3.268085,3.268085,3.268085,3.268085,3.268085,3.268085,3.268085,3.268085,3.268085,3.268085,3.268085,3.268085,3.268085,3.268085,3.268085,3.268085,3.268085,3.268085,3.268085,3.268085,3.268085,3.268085,3.268085,3.268085,3.268085,3.268085,3.268085,3.268085,3.268085,3.268085,3.268085,3.268085,3.268085,3.268085,3.268085,3.268085,3.268085,3.268085,3.268085,3.268085,3.268085,3.268085,3.268085,
3.268085,3.268085,3.268085,3.268085,3.268085,3.268085,3.268085,3.268085,3.268085,4.357447,3.268085,4.357447,4.357447,34.859574,17.429787,69.719149,39.217021,30.502128,13.072340,4.357447,3.268085,3.268085,3.268085,3.268085,3.268085,3.268085,3.268085,3.268085,3.268085,3.268085,3.268085,3.268085,3.268085,3.268085,3.268085,3.268085,3.268085,3.268085,3.268085,3.268085,3.268085,3.268085,3.268085,3.268085,3.268085,3.268085,3.268085,3.268085,3.268085,3.268085,3.268085,3.268085,3.268085,3.268085,3.268085,3.268085,3.268085,3.268085,3.268085,3.268085,3.268085,3.268085,3.268085,3.268085,
3.268085,3.268085,3.268085,3.268085,3.268085,3.268085,3.268085,3.268085,3.268085,3.268085,3.268085,3.268085,4.357447,8.714894,30.502128,17.429787,34.859574,13.072340,13.072340,4.357447,3.268085,3.268085,3.268085,3.268085,3.268085,3.268085,3.268085,3.268085,3.268085,3.268085,3.268085,3.268085,3.268085,3.268085,3.268085,3.268085,3.268085,3.268085,3.268085,3.268085,3.268085,3.268085,3.268085,3.268085,3.268085,3.268085,3.268085,3.268085,3.268085,3.268085,3.268085,3.268085,3.268085,3.268085,3.268085,3.268085,3.268085,3.268085,3.268085,3.268085,3.268085,3.268085,3.268085,3.268085,
3.268085,3.268085,3.268085,3.268085,3.268085,3.268085,3.268085,3.268085,3.268085,3.268085,3.268085,3.268085,4.357447,4.357447,4.357447,8.714894,8.714894,8.714894,3.268085,4.357447,3.268085,3.268085,3.268085,3.268085,3.268085,3.268085,3.268085,3.268085,3.268085,3.268085,3.268085,3.268085,3.268085,3.268085,3.268085,3.268085,3.268085,3.268085,3.268085,3.268085,3.268085,3.268085,3.268085,3.268085,3.268085,3.268085,3.268085,3.268085,3.268085,3.268085,3.268085,3.268085,3.268085,3.268085,3.268085,3.268085,3.268085,3.268085,3.268085,3.268085,3.268085,3.268085,3.268085,3.268085,
3.268085,3.268085,3.268085,3.268085,3.268085,3.268085,3.268085,3.268085,3.268085,3.268085,3.268085,3.268085,3.268085,3.268085,3.268085,3.268085,3.268085,3.268085,3.268085,3.268085,3.268085,3.268085,3.268085,3.268085,3.268085,3.268085,3.268085,3.268085,3.268085,3.268085,3.268085,3.268085,3.268085,3.268085,3.268085,3.268085,3.268085,3.268085,3.268085,3.268085,3.268085,3.268085,3.268085,3.268085,3.268085,3.268085,3.268085,3.268085,3.268085,3.268085,3.268085,3.268085,3.268085,3.268085,3.268085,3.268085,3.268085,3.268085,3.268085,3.268085,3.268085,3.268085,3.268085,3.268085,
3.268085,3.268085,3.268085,3.268085,3.268085,3.268085,3.268085,3.268085,3.268085,3.268085,3.268085,3.268085,3.268085,3.268085,3.268085,3.268085,3.268085,3.268085,3.268085,3.268085,3.268085,3.268085,3.268085,3.268085,3.268085,3.268085,3.268085,3.268085,3.268085,3.268085,3.268085,3.268085,3.268085,3.268085,3.268085,3.268085,3.268085,3.268085,3.268085,3.268085,3.268085,3.268085,3.268085,3.268085,3.268085,3.268085,3.268085,3.268085,3.268085,3.268085,3.268085,3.268085,3.268085,3.268085,3.268085,3.268085,3.268085,3.268085,3.268085,3.268085,3.268085,3.268085,3.268085,3.268085,
3.268085,3.268085,3.268085,3.268085,3.268085,3.268085,3.268085,3.268085,3.268085,3.268085,3.268085,3.268085,3.268085,3.268085,3.268085,3.268085,3.268085,3.268085,3.268085,3.268085,3.268085,3.268085,3.268085,3.268085,3.268085,3.268085,3.268085,3.268085,3.268085,3.268085,3.268085,3.268085,3.268085,3.268085,3.268085,3.268085,3.268085,3.268085,3.268085,3.268085,3.268085,3.268085,3.268085,3.268085,3.268085,3.268085,3.268085,3.268085,3.268085,3.268085,3.268085,3.268085,3.268085,3.268085,3.268085,3.268085,3.268085,3.268085,3.268085,3.268085,3.268085,3.268085,3.268085,3.268085,
3.268085,3.268085,3.268085,3.268085,3.268085,3.268085,3.268085,3.268085,3.268085,3.268085,3.268085,3.268085,3.268085,3.268085,3.268085,3.268085,3.268085,3.268085,3.268085,3.268085,3.268085,3.268085,3.268085,3.268085,3.268085,3.268085,3.268085,3.268085,3.268085,3.268085,3.268085,3.268085,3.268085,3.268085,3.268085,3.268085,3.268085,3.268085,3.268085,3.268085,3.268085,3.268085,3.268085,3.268085,3.268085,3.268085,3.268085,3.268085,3.268085,3.268085,3.268085,3.268085,3.268085,3.268085,3.268085,3.268085,3.268085,3.268085,3.268085,3.268085,3.268085,3.268085,3.268085,3.268085,
3.268085,3.268085,3.268085,3.268085,3.268085,3.268085,3.268085,3.268085,3.268085,3.268085,3.268085,3.268085,3.268085,3.268085,3.268085,3.268085,3.268085,3.268085,3.268085,3.268085,3.268085,3.268085,3.268085,3.268085,3.268085,3.268085,3.268085,3.268085,3.268085,3.268085,3.268085,3.268085,3.268085,3.268085,3.268085,3.268085,3.268085,3.268085,3.268085,3.268085,3.268085,3.268085,3.268085,3.268085,3.268085,3.268085,3.268085,3.268085,3.268085,3.268085,3.268085,3.268085,3.268085,3.268085,3.268085,3.268085,3.268085,3.268085,3.268085,3.268085,3.268085,3.268085,3.268085,3.268085,
3.268085,3.268085,3.268085,3.268085,3.268085,3.268085,3.268085,3.268085,3.268085,3.268085,3.268085,3.268085,3.268085,3.268085,3.268085,3.268085,3.268085,3.268085,3.268085,3.268085,3.268085,3.268085,3.268085,3.268085,3.268085,3.268085,3.268085,3.268085,3.268085,3.268085,3.268085,3.268085,3.268085,3.268085,3.268085,3.268085,3.268085,3.268085,3.268085,3.268085,3.268085,3.268085,3.268085,3.268085,3.268085,3.268085,3.268085,3.268085,3.268085,3.268085,3.268085,3.268085,3.268085,3.268085,3.268085,3.268085,3.268085,3.268085,3.268085,3.268085,3.268085,3.268085,3.268085,3.268085,
3.268085,3.268085,3.268085,3.268085,3.268085,3.268085,3.268085,3.268085,3.268085,3.268085,3.268085,3.268085,3.268085,3.268085,3.268085,3.268085,3.268085,3.268085,3.268085,3.268085,3.268085,3.268085,3.268085,3.268085,3.268085,3.268085,3.268085,3.268085,3.268085,3.268085,3.268085,3.268085,3.268085,3.268085,3.268085,3.268085,3.268085,3.268085,3.268085,3.268085,3.268085,3.268085,3.268085,3.268085,3.268085,3.268085,3.268085,3.268085,3.268085,3.268085,3.268085,3.268085,3.268085,3.268085,3.268085,3.268085,3.268085,3.268085,3.268085,3.268085,3.268085,3.268085,3.268085,3.268085,
3.268085,3.268085,3.268085,3.268085,3.268085,3.268085,3.268085,3.268085,3.268085,3.268085,3.268085,3.268085,3.268085,3.268085,3.268085,3.268085,3.268085,3.268085,3.268085,3.268085,3.268085,3.268085,3.268085,3.268085,3.268085,3.268085,3.268085,3.268085,3.268085,3.268085,3.268085,3.268085,3.268085,3.268085,3.268085,3.268085,3.268085,3.268085,3.268085,3.268085,3.268085,3.268085,3.268085,3.268085,3.268085,3.268085,3.268085,3.268085,3.268085,3.268085,3.268085,3.268085,3.268085,3.268085,3.268085,3.268085,3.268085,3.268085,3.268085,3.268085,3.268085,3.268085,3.268085,3.268085,
3.268085,3.268085,3.268085,3.268085,3.268085,3.268085,3.268085,3.268085,3.268085,3.268085,3.268085,3.268085,3.268085,3.268085,3.268085,3.268085,3.268085,3.268085,3.268085,3.268085,3.268085,3.268085,3.268085,3.268085,3.268085,3.268085,3.268085,3.268085,3.268085,3.268085,3.268085,3.268085,3.268085,3.268085,3.268085,3.268085,3.268085,3.268085,3.268085,3.268085,3.268085,3.268085,3.268085,3.268085,3.268085,3.268085,3.268085,3.268085,3.268085,3.268085,3.268085,3.268085,3.268085,3.268085,3.268085,3.268085,3.268085,3.268085,3.268085,3.268085,3.268085,3.268085,3.268085,3.268085,
3.268085,3.268085,3.268085,3.268085,3.268085,3.268085,3.268085,3.268085,3.268085,3.268085,3.268085,3.268085,3.268085,3.268085,3.268085,3.268085,3.268085,3.268085,3.268085,3.268085,3.268085,3.268085,3.268085,3.268085,3.268085,3.268085,3.268085,3.268085,3.268085,3.268085,3.268085,3.268085,3.268085,3.268085,3.268085,3.268085,3.268085,3.268085,3.268085,3.268085,3.268085,3.268085,3.268085,3.268085,3.268085,3.268085,3.268085,3.268085,3.268085,3.268085,3.268085,3.268085,3.268085,3.268085,3.268085,3.268085,3.268085,3.268085,3.268085,3.268085,3.268085,3.268085,3.268085,3.268085,
3.268085,3.268085,3.268085,3.268085,3.268085,3.268085,3.268085,3.268085,3.268085,3.268085,3.268085,3.268085,3.268085,3.268085,3.268085,3.268085,3.268085,3.268085,3.268085,3.268085,3.268085,3.268085,3.268085,3.268085,3.268085,3.268085,3.268085,3.268085,3.268085,3.268085,3.268085,3.268085,3.268085,3.268085,3.268085,3.268085,3.268085,3.268085,3.268085,3.268085,3.268085,3.268085,3.268085,3.268085,3.268085,3.268085,3.268085,3.268085,3.268085,3.268085,3.268085,3.268085,3.268085,3.268085,3.268085,3.268085,3.268085,3.268085,3.268085,3.268085,3.268085,3.268085,3.268085,3.268085