1.0000, 1.0000, 1.0000, 1.0000, 1.0000, 1.0000, 1.0000, 1.0000, 1.0000, 1.0000, 1.0000, 1.0000, 1.0000, 1.0000, 1.0000, 1.0000, 
1.0000, 1.0000, 1.0000, 1.0000, 1.0000, 1.0000, 1.0000, 1.0000, 1.0000, 1.0000, 1.0000, 1.0000, 1.0000, 1.0000, 1.0000, 1.0000, 
1.0000, 1.0000, 1.0000, 1.0000, 1.0000, 1.0000, 1.0000, 1.0000, 1.0000, 1.0000, 1.0000, 1.0000, 1.0000, 1.0000, 1.0000, 1.0000, 
1.0000, 1.0000, 1.0000, 1.0000, 1.0000, 1.0000, 1.0000, 1.0000, 1.0000, 1.0000, 1.0000, 1.0000, 1.0000, 1.0000, 1.0000, 1.0000, 
1.0000, 1.0000, 1.0000, 1.0000, 1.0000, 1.0000, 1.0000, 1.0000, 1.0000, 1.0000, 1.0000, 1.0000, 1.0000, 1.0000, 1.0000, 1.0000, 
1.0000, 1.0000, 1.0000, 1.0000, 1.0000, 1.0000, 1.0000, 1.0000, 1.0000, 1.0000, 1.0000, 1.0000, 1.0000, 1.0000, 1.0000, 1.0000, 
1.0000, 1.0000, 1.0000, 1.0000, 1.1675, 1.5345, 1.0206, 1.0000, 1.0000, 1.0000, 1.0030, 1.0128, 1.0001, 1.0000, 1.0000, 1.0000, 
1.0000, 1.0000, 1.0000, 2.2614, 4.8373, 5.0000, 4.3055, 1.2111, 1.0000, 1.0102, 1.0823, 1.0885, 1.0662, 1.0008, 1.0000, 1.0000, 
1.0000, 1.0000, 1.0229, 4.7859, 5.0000, 5.0000, 5.0000, 2.6144, 1.0000, 1.0361, 1.0885, 1.0885, 1.0885, 1.0180, 1.0000, 1.0000, 
1.0000, 1.0000, 1.0206, 4.8524, 5.0000, 5.0000, 5.0000, 2.8926, 1.0000, 1.0179, 1.0883, 1.0885, 1.0877, 1.0103, 1.0000, 1.0000, 
1.0000, 1.0000, 1.0000, 2.9678, 5.0000, 5.0000, 4.6280, 1.3459, 1.0000, 1.0000, 1.0235, 1.0442, 1.0209, 1.0000, 1.0000, 1.0000, 
1.0000, 1.0000, 1.0000, 1.0028, 2.0769, 2.6669, 1.4798, 1.0000, 1.0000, 1.0000, 1.0000, 1.0000, 1.0000, 1.0000, 1.0000, 1.0000, 
1.0000, 1.0000, 1.0000, 1.0000, 1.0000, 1.0000, 1.0000, 1.0000, 1.0000, 1.0000, 1.0000, 1.0000, 1.0000, 1.0000, 1.0000, 1.0000, 
1.0000, 1.0000, 1.0000, 1.0000, 1.0000, 1.0000, 1.0000, 1.0000, 1.0000, 1.0000, 1.0000, 1.0000, 1.0000, 1.0000, 1.0000, 1.0000, 
1.0000, 1.0000, 1.0000, 1.0000, 1.0000, 1.0000, 1.0000, 1.0000, 1.0000, 1.0000, 1.0000, 1.0000, 1.0000, 1.0000, 1.0000, 1.0000, 
1.0000, 1.0000, 1.0000, 1.0000, 1.0000, 1.0000, 1.0000, 1.0000, 1.0000, 1.0000, 1.0000, 1.0000, 1.0000, 1.0000, 1.0000, 1.0000