1.0000, 1.0000, 1.0000, 1.0000, 1.0000, 1.0000, 1.0000, 1.0000, 1.0000, 1.0000, 1.0000, 1.0000, 1.0000, 1.0000, 1.0000, 1.0000, 
1.0000, 1.0000, 1.0000, 1.0000, 1.0000, 1.0000, 1.0000, 1.0000, 1.0000, 1.0000, 1.0000, 1.0000, 1.0000, 1.0000, 1.0000, 1.0000, 
1.0000, 1.0000, 1.0000, 1.0000, 1.0000, 1.0000, 1.0000, 1.0000, 1.0000, 1.0000, 1.0000, 1.0000, 1.0000, 1.0000, 1.0000, 1.0000, 
1.0000, 1.0000, 1.0000, 1.0000, 1.0000, 1.0000, 1.0000, 1.0000, 1.0000, 1.0000, 1.0000, 1.0000, 1.0000, 1.0000, 1.0000, 1.0000, 
1.0000, 1.0000, 1.0000, 1.0000, 1.0000, 1.0000, 1.0000, 1.0000, 1.0000, 1.0000, 1.0000, 1.0000, 1.0000, 1.0000, 1.0000, 1.0000, 
1.0000, 1.0000, 1.0000, 1.0000, 1.0000, 1.0000, 1.0000, 1.0000, 1.0000, 1.0000, 1.0000, 1.0000, 1.0000, 1.0000, 1.0000, 1.0000, 
1.0000, 1.0000, 1.0000, 1.0000, 1.0251, 1.0800, 1.0031, 1.0000, 1.0000, 1.0000, 1.1335, 1.5777, 1.0028, 1.0000, 1.0000, 1.0000, 
1.0000, 1.0000, 1.0000, 1.1887, 1.5741, 1.5985, 1.4946, 1.0316, 1.0000, 1.4621, 4.7192, 5.0000, 3.9906, 1.0346, 1.0000, 1.0000, 
1.0000, 1.0000, 1.0034, 1.5665, 1.5985, 1.5985, 1.5985, 1.2416, 1.0000, 2.6320, 5.0000, 5.0000, 5.0000, 1.8113, 1.0000, 1.0000, 
1.0000, 1.0000, 1.0031, 1.5764, 1.5985, 1.5985, 1.5985, 1.2832, 1.0000, 1.8106, 4.9912, 5.0000, 4.9628, 1.4634, 1.0000, 1.0000, 
1.0000, 1.0000, 1.0000, 1.2944, 1.5985, 1.5985, 1.5428, 1.0518, 1.0000, 1.0000, 2.0634, 2.9971, 1.9455, 1.0000, 1.0000, 1.0000, 
1.0000, 1.0000, 1.0000, 1.0004, 1.1611, 1.2494, 1.0718, 1.0000, 1.0000, 1.0000, 1.0000, 1.0000, 1.0000, 1.0000, 1.0000, 1.0000, 
1.0000, 1.0000, 1.0000, 1.0000, 1.0000, 1.0000, 1.0000, 1.0000, 1.0000, 1.0000, 1.0000, 1.0000, 1.0000, 1.0000, 1.0000, 1.0000, 
1.0000, 1.0000, 1.0000, 1.0000, 1.0000, 1.0000, 1.0000, 1.0000, 1.0000, 1.0000, 1.0000, 1.0000, 1.0000, 1.0000, 1.0000, 1.0000, 
1.0000, 1.0000, 1.0000, 1.0000, 1.0000, 1.0000, 1.0000, 1.0000, 1.0000, 1.0000, 1.0000, 1.0000, 1.0000, 1.0000, 1.0000, 1.0000, 
1.0000, 1.0000, 1.0000, 1.0000, 1.0000, 1.0000, 1.0000, 1.0000, 1.0000, 1.0000, 1.0000, 1.0000, 1.0000, 1.0000, 1.0000, 1.0000