Preprocess the data once at each stage
Stage, Iteration, |UV-EV|/EV, UV/EV - 1, RMSE, MQE = (((|UV-EV|/EV) ** 2) ** 0.5)/N, Updated MQE = (((|UV-EV|/(UV+EV)) ** 2) ** 0.5)/N, Average Aspect Ratio (height/width),Average Aspect Ratio min(height/width)/max(height/width), Pre processing Time(sec), Iteration Time(sec)
0, 1, 4342934633.0362, 4342934632.7755, 8685812112.6128, 4342906056.3064, 0.433648, 1.106579, 0.763158, 0.0017, 0.2609
0, 2, 434294891.4922, 434294891.4583, 868581210.8348, 434290605.4174, 0.390299, 5.387819, 0.525641, 0.0017, 0.3475
0, 3, 434294891.4922, 434294891.4583, 868581210.8348, 434290605.4174, 0.390299, 5.387819, 0.525641, 0.0017, 0.2417
0, 4, 434294891.4922, 434294891.4583, 868581210.8348, 434290605.4174, 0.390299, 5.387819, 0.525641, 0.0017, 0.2438
0, 5, 434294891.4922, 434294891.4583, 868581210.8348, 434290605.4174, 0.390299, 5.387819, 0.525641, 0.0017, 0.2361
1, 1, 30524070701020.984, 30524070701020.754, 108316871765875.31, 27079217941468.83, 0.223475, 2.024945, 0.526095, 0.0254, 1.8183
1, 2, 30502406458648.16, 30502406458647.99, 108316788178066.33, 27079197044516.582, 0.221669, 2.231043, 0.514622, 0.0254, 1.0763
1, 3, 30502406458648.16, 30502406458647.99, 108316788178066.33, 27079197044516.582, 0.221669, 2.231043, 0.514622, 0.0254, 0.7688
1, 4, 30502406458648.16, 30502406458647.99, 108316788178066.33, 27079197044516.582, 0.221669, 2.231043, 0.514622, 0.0254, 0.7616
2, 1, 9.876067062582085e+16, 9.876067062582085e+16, 5.4989938297203456e+17, 6.873742287150432e+16, 0.114433, 2.62859, 0.456093, 0.19, 2.9184
2, 2, 5.0488297233346936e+16, 5.0488297233346936e+16, 3.91497105865584e+17, 4.8937138233198e+16, 0.115347, 2.821884, 0.460933, 0.19, 2.7987
2, 3, 5.024243452348964e+16, 5.024243452348964e+16, 3.9149220517829965e+17, 4.893652564728746e+16, 0.115623, 2.923813, 0.475837, 0.19, 3.0427
3, 1, 3.5115812499175795e+17, 3.5115812499175795e+17, 4.3431706824714276e+18, 2.7144816765446422e+17, 0.057956, 2.875507, 0.480528, 0.5076, 6.0997
3, 2, 3.5099481365827584e+17, 3.5099481365827584e+17, 4.343165430650967e+18, 2.7144783941568544e+17, 0.058001, 2.938654, 0.480694, 0.5076, 6.0305
4, 1, 2.543471389883172e+18, 2.543471389883172e+18, 4.658082887523047e+19, 1.4556509023509522e+18, 0.029109, 2.888981, 0.484444, 1.8988, 16.5743
4, 2, 2.5418577965347835e+18, 2.5418577965347835e+18, 4.658079032472567e+19, 1.4556496976476772e+18, 0.029084, 2.995688, 0.48415, 1.8988, 15.091
4, 3, 2.5405208111642655e+18, 2.5405208111642655e+18, 4.658077833755288e+19, 1.4556493230485276e+18, 0.029057, 3.014459, 0.483642, 1.8988, 14.1183


Total Pre Processing Time(sec): 2.6234
Total Processing Time(sec): 75.0522

MSE : 4342.7891
PSNR : 11.7531
SSIM : 0.5764
