Preprocess the data once at each stage
Stage, Iteration, |UV-EV|/EV, UV/EV - 1, RMSE, MQE = (((|UV-EV|/EV) ** 2) ** 0.5)/N, Updated MQE = (((|UV-EV|/(UV+EV)) ** 2) ** 0.5)/N, Average Aspect Ratio (height/width),Average Aspect Ratio min(height/width)/max(height/width), Pre processing Time(sec), Iteration Time(sec)
0, 1, 0.0329, -0.005, 0.044, 0.022, 0.011255, 1.087603, 0.869282, 0.001, 3.4099
0, 2, 0.0067, 0.0008, 0.0074, 0.0037, 0.001841, 1.135425, 0.853182, 0.001, 3.5227
0, 3, 0.0022, -0.0001, 0.0028, 0.0014, 0.000706, 1.125851, 0.85627, 0.001, 3.0672
0, 4, 0.0022, -0.0001, 0.0028, 0.0014, 0.000706, 1.127445, 0.855752, 0.001, 3.1717
0, 5, 0.0022, -0.0001, 0.0028, 0.0014, 0.000706, 1.12717, 0.855841, 0.001, 3.0916
0, 6, 0.0022, -0.0001, 0.0028, 0.0014, 0.000706, 1.127217, 0.855826, 0.001, 3.4104
1, 1, 0.0675, 0.0101, 0.1236, 0.0309, 0.014891, 1.122791, 0.740099, 0.0199, 4.0605
1, 2, 0.0232, 0.01, 0.0368, 0.0092, 0.004541, 1.06443, 0.712175, 0.0199, 4.5095
1, 3, 0.0078, 0.0001, 0.0134, 0.0034, 0.001695, 1.056532, 0.693524, 0.0199, 3.9829
1, 4, 0.0031, 0.0009, 0.0042, 0.001, 0.000518, 1.051712, 0.689743, 0.0199, 4.0898
1, 5, 0.0017, 0.0002, 0.002, 0.0005, 0.000244, 1.050216, 0.690394, 0.0199, 4.0048
2, 1, 0.081, 0.0029, 0.1117, 0.014, 0.007557, 1.139056, 0.68153, 0.0598, 5.6286
2, 2, 0.0472, 0.0013, 0.0736, 0.0092, 0.005111, 1.13659, 0.685803, 0.0598, 5.4247
2, 3, 0.0375, -0.0004, 0.0621, 0.0078, 0.004478, 1.137916, 0.684678, 0.0598, 5.4176
2, 4, 0.0309, 0.0, 0.0578, 0.0072, 0.004248, 1.13779, 0.684142, 0.0598, 5.4013
3, 1, 0.0901, 0.0177, 0.1511, 0.0094, 0.004323, 1.186122, 0.680438, 0.2458, 10.6646
3, 2, 0.0521, 0.0105, 0.0895, 0.0056, 0.002711, 1.196746, 0.678136, 0.2458, 10.3649
3, 3, 0.0424, 0.0085, 0.0786, 0.0049, 0.002353, 1.205653, 0.677149, 0.2458, 10.4545
4, 1, 0.0605, 0.0131, 0.1101, 0.0034, 0.001569, 1.226178, 0.668008, 0.9834, 27.0159
4, 2, 0.0414, 0.0107, 0.0872, 0.0027, 0.001194, 1.231135, 0.664842, 0.9834, 28.0387
5, 1, 0.054, 0.0115, 0.1045, 0.0016, 0.000727, 1.242401, 0.65946, 3.9335, 100.1711
5, 2, 0.0388, 0.0104, 0.0849, 0.0013, 0.00056, 1.24779, 0.658475, 3.9335, 100.3918
5, 3, 0.0332, 0.0098, 0.0746, 0.0012, 0.000499, 1.253056, 0.657733, 3.9335, 100.1263


Total Pre Processing Time(sec): 5.2434
Total Processing Time(sec): 454.6645

MSE : 3973.6684
PSNR : 12.1389
SSIM : 0.4042
