Iteration, |UV-EV|/EV, UV/EV - 1, RMSE, MQE = (((|UV-EV|/EV) ** 2) ** 0.5)/N, Updated MQE = (((|UV-EV|/(UV+EV)) ** 2) ** 0.5)/N, Iteration Time(sec)
1, 0.9685, -0.9685, 0.9835, 0.0307, 0.030703, 1.023257, 0.958847, 11.1417
2, 0.969, -0.969, 0.9837, 0.0307, 0.030706, 1.025286, 0.953605, 12.0774
3, 0.969, -0.969, 0.9837, 0.0307, 0.030706, 1.022594, 0.950897, 11.7555
4, 0.969, -0.969, 0.9837, 0.0307, 0.030706, 1.021381, 0.950437, 12.7994
5, 0.969, -0.969, 0.9837, 0.0307, 0.030706, 1.022334, 0.949293, 11.3654
6, 0.969, -0.969, 0.9837, 0.0307, 0.030706, 1.022044, 0.948886, 11.9129
7, 0.969, -0.969, 0.9837, 0.0307, 0.030706, 1.023647, 0.948222, 12.1162
8, 0.969, -0.969, 0.9837, 0.0307, 0.030706, 1.023136, 0.948399, 11.8964
9, 0.969, -0.969, 0.9837, 0.0307, 0.030706, 1.023085, 0.948293, 12.0398
10, 0.969, -0.969, 0.9837, 0.0307, 0.030706, 1.02305, 0.948215, 11.9516


Total Pre Processing Time(sec): 0.002
Total Processing Time(sec): 119.0583