Iteration, |UV-EV|/EV, UV/EV - 1, RMSE, MQE = (((|UV-EV|/EV) ** 2) ** 0.5)/N, Updated MQE = (((|UV-EV|/(UV+EV)) ** 2) ** 0.5)/N, Iteration Time(sec)
1, 0.9666, -0.9666, 0.9826, 0.0307, 0.030677, 1.021646, 0.957304, 11.1078
2, 0.9666, -0.9666, 0.9826, 0.0307, 0.030677, 1.027057, 0.951906, 11.9535
3, 0.9666, -0.9666, 0.9826, 0.0307, 0.030677, 1.031432, 0.949319, 11.3244
4, 0.9666, -0.9666, 0.9826, 0.0307, 0.030677, 1.03136, 0.948473, 11.1839
5, 0.9666, -0.9666, 0.9826, 0.0307, 0.030677, 1.031287, 0.948202, 11.2782
6, 0.9666, -0.9666, 0.9826, 0.0307, 0.030677, 1.031248, 0.948061, 13.2339
7, 0.9666, -0.9666, 0.9826, 0.0307, 0.030677, 1.031239, 0.947991, 13.7357
8, 0.9666, -0.9666, 0.9826, 0.0307, 0.030677, 1.031242, 0.947956, 12.4575
9, 0.9666, -0.9666, 0.9826, 0.0307, 0.030677, 1.031249, 0.947937, 11.9957
10, 0.9666, -0.9666, 0.9826, 0.0307, 0.030677, 1.031256, 0.947927, 12.0647


Total Pre Processing Time(sec): 0.001
Total Processing Time(sec): 120.3363