Iteration, |UV-EV|/EV, UV/EV - 1, RMSE, MQE = (((|UV-EV|/EV) ** 2) ** 0.5)/N, Updated MQE = (((|UV-EV|/(UV+EV)) ** 2) ** 0.5)/N, Iteration Time(sec)
1, 0.9661, -0.9661, 0.9822, 0.0307, 0.030658, 1.020481, 0.959154, 11.1135
2, 0.9662, -0.9661, 0.9822, 0.0307, 0.030658, 1.024724, 0.954597, 11.9948
3, 0.9662, -0.9661, 0.9822, 0.0307, 0.030659, 1.027733, 0.952116, 11.5347
4, 0.9662, -0.9661, 0.9822, 0.0307, 0.030659, 1.028433, 0.951592, 11.461
5, 0.9662, -0.9661, 0.9822, 0.0307, 0.030659, 1.028288, 0.951316, 11.6209
6, 0.9662, -0.9661, 0.9822, 0.0307, 0.030659, 1.027563, 0.951195, 11.697
7, 0.9662, -0.9661, 0.9822, 0.0307, 0.030659, 1.029853, 0.950547, 11.9117
8, 0.9662, -0.9661, 0.9822, 0.0307, 0.030659, 1.029722, 0.950562, 11.8665
9, 0.9662, -0.9661, 0.9822, 0.0307, 0.030659, 1.029679, 0.950564, 11.9646
10, 0.9662, -0.9661, 0.9822, 0.0307, 0.030659, 1.029668, 0.95056, 11.979


Total Pre Processing Time(sec): 0.001
Total Processing Time(sec): 117.1447