Iteration, |UV-EV|/EV, UV/EV - 1, RMSE, MQE = (((|UV-EV|/EV) ** 2) ** 0.5)/N, Updated MQE = (((|UV-EV|/(UV+EV)) ** 2) ** 0.5)/N, Iteration Time(sec)
1, 0.9656, -0.9656, 0.9821, 0.0307, 0.030658, 1.023576, 0.956531, 12.0166
2, 0.9656, -0.9656, 0.9821, 0.0307, 0.030659, 1.025432, 0.953226, 12.1213
3, 0.9656, -0.9656, 0.9821, 0.0307, 0.030659, 1.022803, 0.951256, 11.7266
4, 0.9656, -0.9656, 0.9821, 0.0307, 0.030659, 1.025019, 0.950701, 11.6028
5, 0.9656, -0.9656, 0.9821, 0.0307, 0.030659, 1.025559, 0.950261, 11.6537
6, 0.9656, -0.9656, 0.9821, 0.0307, 0.030659, 1.026615, 0.949233, 12.091
7, 0.9656, -0.9656, 0.9821, 0.0307, 0.030659, 1.027124, 0.949016, 12.1063
8, 0.9656, -0.9656, 0.9821, 0.0307, 0.030659, 1.026241, 0.947645, 12.3702
9, 0.9656, -0.9656, 0.9821, 0.0307, 0.030659, 1.025543, 0.947693, 12.8598
10, 0.9656, -0.9656, 0.9821, 0.0307, 0.030659, 1.025458, 0.947668, 13.6878


Total Pre Processing Time(sec): 0.002
Total Processing Time(sec): 122.2382