Iteration, |UV-EV|/EV, UV/EV - 1, RMSE, MQE = (((|UV-EV|/EV) ** 2) ** 0.5)/N, Updated MQE = (((|UV-EV|/(UV+EV)) ** 2) ** 0.5)/N, Iteration Time(sec)
1, 0.9676, -0.9675, 0.983, 0.0307, 0.030685, 1.021262, 0.958523, 12.0754
2, 0.9676, -0.9675, 0.983, 0.0307, 0.030685, 1.032539, 0.952261, 12.1371
3, 0.9676, -0.9675, 0.983, 0.0307, 0.030685, 1.029695, 0.950102, 12.7976
4, 0.9676, -0.9675, 0.983, 0.0307, 0.030685, 1.031162, 0.94988, 12.0952
5, 0.9676, -0.9675, 0.983, 0.0307, 0.030685, 1.031245, 0.949646, 11.9613
6, 0.9676, -0.9675, 0.983, 0.0307, 0.030685, 1.032674, 0.949476, 12.2276
7, 0.9676, -0.9675, 0.983, 0.0307, 0.030685, 1.032808, 0.949569, 13.1056
8, 0.9676, -0.9675, 0.983, 0.0307, 0.030685, 1.032796, 0.949558, 13.4254
9, 0.9676, -0.9675, 0.983, 0.0307, 0.030685, 1.032762, 0.949546, 14.0118
10, 0.9676, -0.9675, 0.983, 0.0307, 0.030685, 1.032726, 0.949539, 11.9961


Total Pre Processing Time(sec): 0.002
Total Processing Time(sec): 125.835