Preprocess the data once at each stage
Stage, Iteration, |UV-EV|/EV, UV/EV - 1, RMSE, MQE = (((|UV-EV|/EV) ** 2) ** 0.5)/N, Updated MQE = (((|UV-EV|/(UV+EV)) ** 2) ** 0.5)/N, Average Aspect Ratio (height/width),Average Aspect Ratio min(height/width)/max(height/width), Pre processing Time(sec), Iteration Time(sec)
0, 1, 0.0203, 0.0004, 0.0249, 0.0125, 0.006279, 1.083621, 0.893572, 0.001, 0.6355
0, 2, 0.0036, -0.0026, 0.0039, 0.002, 0.000985, 1.113247, 0.883416, 0.001, 0.5892
0, 3, 0.0036, 0.0002, 0.0038, 0.0019, 0.00096, 1.108124, 0.885104, 0.001, 0.5972
0, 4, 0.0036, 0.0002, 0.0038, 0.0019, 0.00096, 1.108934, 0.884835, 0.001, 0.5957
0, 5, 0.0036, 0.0002, 0.0038, 0.0019, 0.00096, 1.108804, 0.884878, 0.001, 0.6352
1, 1, 0.0343, -0.0012, 0.0407, 0.0102, 0.0052, 1.045789, 0.859263, 0.0178, 1.6226
1, 2, 0.0096, -0.0002, 0.0115, 0.0029, 0.001443, 1.05525, 0.856683, 0.0178, 1.6261
1, 3, 0.0024, 0.0007, 0.0034, 0.0009, 0.000425, 1.055998, 0.856812, 0.0178, 1.6191
1, 4, 0.0019, 0.0, 0.0023, 0.0006, 0.000289, 1.055602, 0.856377, 0.0178, 1.6321
2, 1, 0.0193, 0.0027, 0.0296, 0.0037, 0.001805, 1.080145, 0.843849, 0.0746, 3.3717
2, 2, 0.0074, 0.0004, 0.0095, 0.0012, 0.000595, 1.08104, 0.841418, 0.0746, 3.3798
2, 3, 0.0045, 0.0007, 0.0056, 0.0007, 0.000351, 1.081498, 0.840422, 0.0746, 3.4951
3, 1, 0.0159, 0.0013, 0.0221, 0.0014, 0.000689, 1.081334, 0.843903, 0.3194, 6.9549
3, 2, 0.0086, 0.0009, 0.0105, 0.0007, 0.000329, 1.080386, 0.842795, 0.3194, 6.8567
4, 1, 0.0146, 0.0016, 0.0208, 0.0007, 0.000325, 1.078637, 0.845796, 1.2649, 18.0057
4, 2, 0.0084, 0.0013, 0.0109, 0.0003, 0.000171, 1.077882, 0.845434, 1.2649, 18.1782
4, 3, 0.0069, 0.0012, 0.0087, 0.0003, 0.000136, 1.077687, 0.845219, 1.2649, 18.3056


Total Pre Processing Time(sec): 1.6777
Total Processing Time(sec): 89.7782

MSE : 727.8897
PSNR : 19.5101
SSIM : 0.683
