Preprocess the data once at each stage
Stage, Iteration, |UV-EV|/EV, UV/EV - 1, RMSE, MQE = (((|UV-EV|/EV) ** 2) ** 0.5)/N, Updated MQE = (((|UV-EV|/(UV+EV)) ** 2) ** 0.5)/N, Pre processing Time(sec), Iteration Time(sec)
0, 1, 0.0036, -0.0001, 0.004, 0.002, 0.001006, 1.051555, 0.934573, 0.001, 3.7408
0, 2, 0.0036, -0.0001, 0.004, 0.002, 0.001006, 1.051556, 0.934571, 0.001, 3.7357
0, 3, 0.0036, -0.0001, 0.004, 0.002, 0.001006, 1.051556, 0.934571, 0.001, 3.6169
0, 4, 0.0036, -0.0001, 0.004, 0.002, 0.001006, 1.051556, 0.934571, 0.001, 3.7346
0, 5, 0.0036, -0.0001, 0.004, 0.002, 0.001006, 1.051556, 0.934571, 0.001, 3.7356
1, 1, 0.1108, -0.0028, 0.13, 0.0325, 0.017449, 1.088784, 0.800958, 0.015, 5.9295
1, 2, 0.0672, -0.0047, 0.085, 0.0212, 0.011254, 1.116591, 0.782496, 0.015, 5.9127
1, 3, 0.0327, -0.0031, 0.0468, 0.0117, 0.006021, 1.104595, 0.799175, 0.015, 6.138
1, 4, 0.0144, -0.0013, 0.0191, 0.0048, 0.002409, 1.095929, 0.803708, 0.015, 5.9675
2, 1, 0.1717, 0.0424, 0.2543, 0.0318, 0.013239, 1.091904, 0.738326, 0.0638, 10.5583
2, 2, 0.1507, 0.0251, 0.2299, 0.0287, 0.014901, 1.054303, 0.737115, 0.0638, 9.2653
2, 3, 0.1423, 0.021, 0.2251, 0.0281, 0.015966, 1.043097, 0.727594, 0.0638, 9.1045
3, 1, 0.5194, 0.2556, 0.8649, 0.0541, 0.016998, 1.211669, 0.626041, 0.2583, 22.6256
3, 2, 0.4399, 0.2148, 0.7506, 0.0469, 0.015467, 1.226081, 0.621809, 0.2583, 17.0328
4, 1, 129.6192, 129.3333, 1071.4438, 33.4826, 0.012946, 1.42673, 0.57488, 1.0405, 60.0057
4, 2, 91.7815, 91.5048, 721.1912, 22.5372, 0.012576, 1.465403, 0.571806, 1.0405, 41.8396
4, 3, 89.5294, 89.2531, 708.7832, 22.1495, 0.01248, 1.46614, 0.570147, 1.0405, 36.5383


Total Pre Processing Time(sec): 1.3786
Total Processing Time(sec): 250.8602