Preprocess the data once at each stage
Stage, Iteration, |UV-EV|/EV, UV/EV - 1, RMSE, MQE = (((|UV-EV|/EV) ** 2) ** 0.5)/N, Updated MQE = (((|UV-EV|/(UV+EV)) ** 2) ** 0.5)/N, Pre processing Time(sec), Iteration Time(sec)
0, 1, 0.0084, 0.0029, 0.0107, 0.0054, 0.002665, 1.076356, 0.912838, 0.001, 3.5362
0, 2, 0.002, 0.0001, 0.0022, 0.0011, 0.000559, 1.082998, 0.91841, 0.001, 3.7272
0, 3, 0.002, 0.0001, 0.0022, 0.0011, 0.000559, 1.082131, 0.91768, 0.001, 3.7281
0, 4, 0.002, 0.0001, 0.0022, 0.0011, 0.000559, 1.082242, 0.917774, 0.001, 3.632
0, 5, 0.002, 0.0001, 0.0022, 0.0011, 0.000559, 1.082228, 0.917762, 0.001, 3.7548
1, 1, 0.1219, -0.004, 0.139, 0.0348, 0.018853, 1.101438, 0.785702, 0.015, 5.9391
1, 2, 0.0735, -0.0066, 0.0953, 0.0238, 0.012933, 1.118247, 0.801447, 0.015, 6.0523
1, 3, 0.042, -0.0032, 0.056, 0.014, 0.007252, 1.120653, 0.794685, 0.015, 5.7098
1, 4, 0.0263, -0.0015, 0.0367, 0.0092, 0.004596, 1.118001, 0.791947, 0.015, 5.807
2, 1, 0.1686, 0.0246, 0.238, 0.0297, 0.01403, 1.175478, 0.708041, 0.0618, 11.5722
2, 2, 0.124, 0.009, 0.1992, 0.0249, 0.014107, 1.159921, 0.7075, 0.0618, 10.6553
2, 3, 0.1143, 0.0044, 0.1861, 0.0233, 0.015009, 1.153364, 0.70193, 0.0618, 9.2293
3, 1, 0.4576, 0.2266, 0.8497, 0.0531, 0.015823, 1.328977, 0.615548, 0.2653, 21.2445
3, 2, 0.3796, 0.1708, 0.7412, 0.0463, 0.014436, 1.315748, 0.618283, 0.2653, 17.9654
4, 1, 132.2775, 131.9799, 1182.6356, 36.9574, 0.013306, 1.553738, 0.572831, 1.0497, 55.2985
4, 2, 116.0433, 115.7491, 1038.0073, 32.4377, 0.013122, 1.609049, 0.565699, 1.0497, 34.6359
4, 3, 101.1979, 100.9068, 833.168, 26.0365, 0.013095, 1.614076, 0.564544, 1.0497, 31.4171


Total Pre Processing Time(sec): 1.3928
Total Processing Time(sec): 235.2975