Preprocess the data once at each stage
Stage, Iteration, |UV-EV|/EV, UV/EV - 1, RMSE, MQE = (((|UV-EV|/EV) ** 2) ** 0.5)/N, Updated MQE = (((|UV-EV|/(UV+EV)) ** 2) ** 0.5)/N, Pre processing Time(sec), Iteration Time(sec)
0, 1, 0.0089, 0.0005, 0.0111, 0.0055, 0.002769, 1.075106, 0.917291, 0.001, 4.3702
0, 2, 0.0031, -0.0, 0.0032, 0.0016, 0.000797, 1.080919, 0.922048, 0.001, 4.356
0, 3, 0.0031, -0.0, 0.0032, 0.0016, 0.000797, 1.080153, 0.921419, 0.001, 3.6126
0, 4, 0.0031, -0.0, 0.0032, 0.0016, 0.000797, 1.080253, 0.921501, 0.001, 3.7376
0, 5, 0.0031, -0.0, 0.0032, 0.0016, 0.000797, 1.08024, 0.92149, 0.001, 3.7616
1, 1, 0.114, -0.0009, 0.1319, 0.033, 0.017787, 1.105988, 0.807853, 0.0159, 5.7989
1, 2, 0.0664, -0.0021, 0.0833, 0.0208, 0.010973, 1.118525, 0.795365, 0.0159, 5.8229
1, 3, 0.0321, -0.003, 0.0469, 0.0117, 0.006064, 1.102714, 0.809889, 0.0159, 5.8126
1, 4, 0.0138, -0.0007, 0.0197, 0.0049, 0.002488, 1.094631, 0.814939, 0.0159, 6.5007
2, 1, 0.1536, 0.0405, 0.2376, 0.0297, 0.012167, 1.118831, 0.743376, 0.0598, 10.6228
2, 2, 0.1243, 0.0186, 0.2075, 0.0259, 0.015145, 1.111271, 0.7435, 0.0598, 10.5019
2, 3, 0.1127, 0.0137, 0.189, 0.0236, 0.013819, 1.113882, 0.73588, 0.0598, 11.3007
3, 1, 0.4842, 0.2405, 0.8739, 0.0546, 0.016148, 1.237454, 0.626497, 0.2952, 22.4322
3, 2, 0.3997, 0.1781, 0.7554, 0.0472, 0.01483, 1.254033, 0.622649, 0.2952, 17.8386
4, 1, 136.9254, 136.643, 1136.1825, 35.5057, 0.012871, 1.438171, 0.5745, 1.1804, 59.1463
4, 2, 100.8603, 100.5849, 748.0364, 23.3761, 0.012609, 1.454874, 0.570278, 1.1804, 41.0603
4, 3, 111.805, 111.5283, 965.6476, 30.1765, 0.012606, 1.448403, 0.568921, 1.1804, 35.2455


Total Pre Processing Time(sec): 1.5524
Total Processing Time(sec): 253.4736