Preprocess the data once at each stage
Stage, Iteration, |UV-EV|/EV, UV/EV - 1, RMSE, MQE = (((|UV-EV|/EV) ** 2) ** 0.5)/N, Updated MQE = (((|UV-EV|/(UV+EV)) ** 2) ** 0.5)/N, Pre processing Time(sec), Iteration Time(sec)
0, 1, 0.0055, 0.0026, 0.0073, 0.0036, 0.001806, 1.067445, 0.927071, 0.0, 4.0543
0, 2, 0.0034, 0.0023, 0.0036, 0.0018, 0.000899, 1.071825, 0.93069, 0.0, 3.7729
0, 3, 0.003, -0.0, 0.003, 0.0015, 0.000762, 1.071256, 0.930218, 0.0, 3.7296
0, 4, 0.003, -0.0, 0.003, 0.0015, 0.000762, 1.071329, 0.930279, 0.0, 3.6115
0, 5, 0.003, -0.0, 0.003, 0.0015, 0.000762, 1.07132, 0.930271, 0.0, 3.7295
1, 1, 0.117, -0.0019, 0.1317, 0.0329, 0.017595, 1.091112, 0.791842, 0.014, 5.8062
1, 2, 0.0713, -0.0038, 0.0873, 0.0218, 0.011565, 1.08734, 0.789801, 0.014, 5.6874
1, 3, 0.0371, -0.0045, 0.0526, 0.0132, 0.006859, 1.093856, 0.78942, 0.014, 5.7991
1, 4, 0.0162, -0.0026, 0.0237, 0.0059, 0.00303, 1.083767, 0.789533, 0.014, 5.8982
2, 1, 0.1687, 0.0471, 0.2548, 0.0319, 0.01285, 1.100243, 0.724089, 0.0598, 10.1028
2, 2, 0.1296, 0.0285, 0.2223, 0.0278, 0.015019, 1.065959, 0.727138, 0.0598, 8.7618
2, 3, 0.1191, 0.0212, 0.2031, 0.0254, 0.015485, 1.066448, 0.725158, 0.0598, 8.9938
3, 1, 0.466, 0.2382, 0.8502, 0.0531, 0.016327, 1.279577, 0.619103, 0.2493, 21.5327
3, 2, 0.4139, 0.2225, 0.8157, 0.051, 0.015123, 1.274387, 0.616379, 0.2493, 15.5329
4, 1, 151.9635, 151.6721, 1416.4507, 44.2641, 0.013161, 1.428428, 0.567496, 0.9988, 52.4691
4, 2, 120.692, 120.4032, 1116.0087, 34.8753, 0.013015, 1.476719, 0.564451, 0.9988, 35.5128
4, 3, 119.777, 119.4917, 1108.237, 34.6324, 0.012967, 1.481279, 0.563086, 0.9988, 29.6331


Total Pre Processing Time(sec): 1.322
Total Processing Time(sec): 225.9497