Preprocess the data once at each stage
Stage, Iteration, |UV-EV|/EV, UV/EV - 1, RMSE, MQE = (((|UV-EV|/EV) ** 2) ** 0.5)/N, Updated MQE = (((|UV-EV|/(UV+EV)) ** 2) ** 0.5)/N, Pre processing Time(sec), Iteration Time(sec)
0, 1, 0.0029, -0.0024, 0.0034, 0.0017, 0.000851, 1.055332, 0.932399, 0.001, 3.6603
0, 2, 0.0029, -0.0024, 0.0034, 0.0017, 0.000851, 1.055334, 0.932396, 0.001, 4.0165
0, 3, 0.0029, -0.0024, 0.0034, 0.0017, 0.000851, 1.055334, 0.932396, 0.001, 3.8226
0, 4, 0.0029, -0.0024, 0.0034, 0.0017, 0.000851, 1.055334, 0.932396, 0.001, 3.6943
0, 5, 0.0029, -0.0024, 0.0034, 0.0017, 0.000851, 1.055334, 0.932396, 0.001, 3.797
1, 1, 0.1034, -0.0031, 0.1204, 0.0301, 0.016129, 1.093328, 0.807017, 0.019, 6.0972
1, 2, 0.06, -0.0032, 0.0741, 0.0185, 0.009722, 1.123335, 0.793023, 0.019, 6.0958
1, 3, 0.026, -0.0024, 0.0365, 0.0091, 0.004677, 1.118878, 0.806648, 0.019, 6.0186
1, 4, 0.0133, 0.0008, 0.0178, 0.0044, 0.00224, 1.111912, 0.812335, 0.019, 6.0943
2, 1, 0.1543, 0.0238, 0.215, 0.0269, 0.011893, 1.11402, 0.731871, 0.0618, 10.6961
2, 2, 0.1192, 0.0149, 0.1724, 0.0216, 0.01105, 1.080822, 0.732632, 0.0618, 8.3977
2, 3, 0.1101, 0.0121, 0.161, 0.0201, 0.010609, 1.077852, 0.71938, 0.0618, 8.3926
3, 1, 0.4772, 0.2335, 0.8384, 0.0524, 0.015976, 1.292095, 0.619165, 0.2533, 21.3553
3, 2, 0.4107, 0.1998, 0.7679, 0.048, 0.014343, 1.307641, 0.615703, 0.2533, 17.1066
4, 1, 162.7675, 162.4719, 1422.9683, 44.4678, 0.012767, 1.495262, 0.573939, 1.074, 60.3438
4, 2, 132.2896, 132.0145, 1156.324, 36.1351, 0.01236, 1.515255, 0.570739, 1.074, 41.9885
4, 3, 131.5762, 131.3012, 1146.7894, 35.8372, 0.012292, 1.520171, 0.571858, 1.074, 36.0729


Total Pre Processing Time(sec): 1.4091
Total Processing Time(sec): 249.0593