Preprocess the data once at each stage
Stage, Iteration, |UV-EV|/EV, UV/EV - 1, RMSE, MQE = (((|UV-EV|/EV) ** 2) ** 0.5)/N, Updated MQE = (((|UV-EV|/(UV+EV)) ** 2) ** 0.5)/N, Average Aspect Ratio (height/width),Average Aspect Ratio min(height/width)/max(height/width), Pre processing Time(sec), Iteration Time(sec)
0, 1, 0.0025, 0.0025, 0.0028, 0.0014, 0.00069, 1.005558, 0.992218, 0.001, 3.2819
0, 2, 0.0025, 0.0025, 0.0028, 0.0014, 0.00069, 1.005558, 0.992218, 0.001, 3.3598
0, 3, 0.0025, 0.0025, 0.0028, 0.0014, 0.00069, 1.005558, 0.992218, 0.001, 3.2555
0, 4, 0.0025, 0.0025, 0.0028, 0.0014, 0.00069, 1.005558, 0.992218, 0.001, 3.2528
0, 5, 0.0025, 0.0025, 0.0028, 0.0014, 0.00069, 1.005558, 0.992218, 0.001, 3.2653
1, 1, 0.0081, 0.0, 0.0099, 0.0025, 0.001235, 1.007206, 0.971562, 0.014, 4.276
1, 2, 0.0042, 0.0006, 0.0051, 0.0013, 0.000637, 1.004598, 0.974299, 0.014, 4.1703
1, 3, 0.0031, -0.0013, 0.0034, 0.0009, 0.000427, 1.003988, 0.973694, 0.014, 4.2726
1, 4, 0.0031, -0.0013, 0.0034, 0.0009, 0.000427, 1.003679, 0.97322, 0.014, 4.7911
2, 1, 0.0118, -0.0006, 0.0163, 0.002, 0.001029, 1.004445, 0.940561, 0.0628, 6.1918
2, 2, 0.0059, -0.0003, 0.0084, 0.001, 0.000527, 1.003544, 0.943574, 0.0628, 6.0373
2, 3, 0.0045, 0.0, 0.0058, 0.0007, 0.000363, 1.002183, 0.94313, 0.0628, 6.0631
3, 1, 0.0319, 0.0006, 0.039, 0.0024, 0.001217, 1.007897, 0.895173, 0.2453, 12.5224
3, 2, 0.0147, 0.0, 0.0183, 0.0011, 0.000574, 1.001939, 0.894087, 0.2453, 11.5797
4, 1, 0.064, 0.0023, 0.0871, 0.0027, 0.001345, 1.041762, 0.805263, 0.9767, 30.9301
4, 2, 0.0336, 0.0017, 0.0451, 0.0014, 0.000699, 1.03974, 0.806711, 0.9767, 31.1989
4, 3, 0.0241, 0.0011, 0.0323, 0.001, 0.000501, 1.040633, 0.804649, 0.9767, 31.3067


Total Pre Processing Time(sec): 1.2999
Total Processing Time(sec): 171.0551

MSE : 753.326
PSNR : 19.361
SSIM : 0.9653
