2.5561230858,2.5788051397,2.5740873684,2.5804313227,2.5753496742,2.5817948347,2.5836842409,2.5863178616,2.5833506695,2.5836875374,2.5832840176,2.5830555142,2.5950624783,2.5906874017,2.6133831942,2.5944975426,2.5878265160,2.5875248654,2.5859617144,2.5911343843,2.5921609341,2.5919032322,2.5882201185,2.5914308017,2.6013031878,2.5957447474,2.5985199479,2.5954267517,2.6142905710,2.5901261245,2.5852257486,2.5857645632,
2.5617021801,2.5606123400,2.5684326897,2.5639562305,2.5676049247,2.5793366648,2.5869459963,2.5805631189,2.5795794028,2.5844126254,2.5830941623,2.5832610699,2.5942533827,2.5936906462,2.5958023865,2.5950980627,2.5878207421,2.5916649910,2.5886029709,2.5898253315,2.5888330248,2.5967493170,2.5986313661,2.6007005876,2.6016105269,2.5929730885,2.5923258096,2.5923331798,2.5846214753,2.5846129854,2.5849643551,2.5895418508,
2.5602775170,2.5649679796,2.5660118268,2.5670073422,2.5683363799,2.5693569764,2.5792553318,2.5804385871,2.5769722610,2.5798290610,2.5840086917,2.5800486946,2.5847419123,2.6002683952,2.5914481464,2.5935304806,2.5872025311,2.5894905724,2.6126721186,2.5865470356,2.5880552788,2.5929810628,2.6033649730,2.5915151505,2.5911273477,2.5957384758,2.5864601428,2.5870755979,2.5874359662,2.5849481992,2.5846722949,2.5855823971,
2.5687107216,2.5815689056,2.5749326953,2.5790559514,2.5619113266,2.5571417716,2.5728746219,2.5816860222,2.5766153496,2.5747029336,2.5839643939,2.5822690512,2.5830776736,2.5885993793,2.5955971119,2.6048663456,2.5996545218,2.5906408817,2.5865148676,2.5855086462,2.5858602399,2.6006734130,2.5875825367,2.5895416497,2.5895479158,2.5911170991,2.6000512872,2.5941478602,2.5917348685,2.5862086686,2.5846715437,2.5846654859,
2.5616654741,2.5820661994,2.5633913151,2.5784370047,2.5590827420,2.5527053130,2.5648905546,2.5747314957,2.5795715687,2.5748787943,2.5749286286,2.5768809670,2.5827964250,2.5924864174,2.5861048011,2.5955036128,2.5967878927,2.5874332643,2.5879274314,2.5856052797,2.6009217053,2.6189077079,2.5865081347,2.5865050426,2.5884537520,2.5890326425,2.5883974924,2.5929853001,2.5969821866,2.5969266943,2.5870991606,2.5849673618,
2.5411569467,2.5710064908,2.5748119124,2.5483757072,2.5477257002,2.5508123548,2.5656540179,2.5688573457,2.5741257268,2.5743706655,2.5737725051,2.5791315516,2.5892837802,2.5855273373,2.5879383988,2.5868259048,2.5884290793,2.5855690867,2.5856907892,2.5861965834,2.6191288331,2.6229314942,2.5865758054,2.5857797641,2.5899779249,2.5950964648,2.5902906966,2.5920894391,2.5966783710,2.6025315554,2.5889463284,2.5855884570,
2.5431320668,2.5424003237,2.5642002864,2.5484798599,2.5417647006,2.5542303138,2.5679344677,2.5659927164,2.5657934899,2.5707631935,2.5737555403,2.5802589340,2.5796684658,2.5852499658,2.5854598211,2.5837508481,2.5830248385,2.5847098035,2.5856903784,2.6029215053,2.6085250562,2.5875103147,2.5881240646,2.5919810104,2.5953650400,2.5927290816,2.6112835596,2.6022676316,2.5957831761,2.5963673760,2.6040855282,2.5919993676,
2.5852626945,2.5740594643,2.5588183939,2.5523727721,2.5420213869,2.5546311224,2.5650632305,2.5757358602,2.5724666333,2.5685210267,2.5765757985,2.5776130759,2.5720561164,2.5842645903,2.5847172052,2.5841589534,2.5828290900,2.5823314170,2.5798011856,2.6186476533,2.5871865119,2.5871279361,2.5862199927,2.5897882095,2.5893598080,2.6113358174,2.6247086008,2.5951634428,2.6066122612,2.5994628971,2.5972890842,2.5982184401,
2.5793687619,2.5839320195,2.5841074485,2.5541523073,2.5503757856,2.5666042659,2.5555905531,2.5764465649,2.5785547899,2.5755952971,2.5716834661,2.5804632889,2.5768372928,2.5798284389,2.5813763438,2.5831938118,2.5825472970,2.5857096797,2.5839355035,2.5849355211,2.5860837774,2.5858654483,2.5861704044,2.5883098101,2.6173964122,2.6324260701,2.5878361686,2.5901922017,2.5914651229,2.5877525300,2.5932879861,2.5886701384,
2.5750707692,2.5854762007,2.5847391913,2.5853311490,2.5853307925,2.5815077222,2.5745312476,2.5779787559,2.5820369460,2.5786728858,2.5837882203,2.5829071264,2.5784098970,2.5809178370,2.5795912472,2.5853501727,2.5849216030,2.5843430660,2.5839995533,2.5854234839,2.5859917105,2.5868511825,2.5864843002,2.6081038129,2.6582147062,2.6395408599,2.5920404937,2.5908138168,2.5911369432,2.5883636627,2.5889765752,2.5969883210,
2.5845610241,2.5854511493,2.5854064436,2.5850884596,2.5853899314,2.5851584913,2.5853492478,2.5853458485,2.5841044554,2.5823670503,2.5804069344,2.5773156688,2.5815469107,2.5866501826,2.5887049937,2.5751581840,2.5797709180,2.5798901590,2.5782723765,2.5841961738,2.5864407152,2.5854156180,2.5980297716,2.6342598965,2.6568960805,2.6171845323,2.5993018067,2.5858475527,2.5859046621,2.5892865104,2.5895928519,2.5865225066,
2.5779131921,2.5884392884,2.5792332049,2.5912422196,2.5877618852,2.5853374257,2.5848668906,2.5851014180,2.5859114415,2.5855714160,2.5849364364,2.5820014061,2.5824814774,2.5698675428,2.5742091457,2.5746478120,2.5801303884,2.5779709221,2.5778295839,2.5843459127,2.5851562947,2.5852148735,2.5862994562,2.6211413032,2.5947654623,2.5884985409,2.5972428519,2.5928105736,2.5945115283,2.5935954418,2.5886764318,2.5865204710,
2.5393214794,2.5819535461,2.5828075843,2.5840501397,2.5857674573,2.5845407221,2.5850535208,2.5844491579,2.5854069058,2.5854177492,2.5846400619,2.5855162310,2.5748058560,2.5725830123,2.5783963894,2.5764246117,2.5752582593,2.5734144474,2.5730864691,2.5829716174,2.5853263829,2.5866604909,2.5967682956,2.5958486223,2.5900801667,2.5863299317,2.5881217084,2.6119535988,2.5942262889,2.6026395893,2.5951858595,2.5939297751,
2.5379524704,2.5833285025,2.5839837739,2.5881247520,2.5835126077,2.5879682462,2.5848274265,2.5856411944,2.5874329981,2.5852915049,2.5854989727,2.5851185552,2.5772769801,2.5799617643,2.5790562209,2.5799552536,2.5825010259,2.5758272671,2.5679984418,2.5810225000,2.5853323420,2.5941224226,2.5861848203,2.5851007898,2.5909623787,2.5873906891,2.5851631351,2.5979414836,2.5907190696,2.5871757992,2.6024231089,2.6020313214,
2.5243305616,2.5617659366,2.5720875901,2.5837298440,2.5818173730,2.5755017948,2.5859218716,2.5831438006,2.5861550293,2.5863834782,2.5851849413,2.5851791533,2.5822002784,2.5823541863,2.5755452320,2.5811795768,2.5837605457,2.5803966261,2.5734305627,2.5789650772,2.5854596438,2.5860088893,2.5862349290,2.5855538150,2.5873026704,2.5867735668,2.5854991186,2.5846139593,2.5907958275,2.5856862089,2.6013382437,2.6359193513,
2.5265036051,2.5626279834,2.5803634492,2.5841952677,2.5802492425,2.5732455440,2.5828748004,2.5835752470,2.5862163979,2.5860723164,2.5819927889,2.5851773821,2.5854799233,2.5839061244,2.5770944933,2.5788836272,2.5822697817,2.5852183061,2.5784088589,2.5818942087,2.5861887107,2.5860017247,2.5914001343,2.5902407401,2.5859550251,2.5863619459,2.5861624990,2.5863736719,2.5923679886,2.5880213742,2.6100348675,2.6497524367,
2.5734071273,2.5851329592,2.5855257597,2.5845180799,2.5826865170,2.5821060009,2.5855751650,2.5877613397,2.5881744851,2.5873179531,2.5848990451,2.5815617715,2.5855667771,2.5854280760,2.5803388705,2.5811653876,2.5843040498,2.5854470761,2.5829758582,2.5836093394,2.5855122004,2.5855858388,2.5856857411,2.5857096593,2.5861512432,2.5889879250,2.5860430321,2.5898255010,2.5893650119,2.5860655715,2.5977164352,2.6027700254,
2.5812193087,2.5813149341,2.5811993796,2.5809273311,2.5832446654,2.5853913243,2.5839508311,2.5835643546,2.5848392848,2.5822768728,2.5831431782,2.5751061695,2.5846787737,2.5847380070,2.5851007825,2.5877251963,2.5855617490,2.5855230683,2.5828783893,2.5838421754,2.5847999879,2.5865001777,2.5862893994,2.5864511121,2.5856741926,2.5874419747,2.5869820173,2.5852398776,2.5850000401,2.5870208709,2.5859097120,2.5857297128,
2.5700182540,2.5986892579,2.5938679347,2.5593356404,2.5828848814,2.5832048633,2.5853524422,2.5856998301,2.5858772399,2.5856189204,2.5853498304,2.5837186247,2.5861879735,2.5873683922,2.5869309078,2.5930518045,2.5853827012,2.5851989330,2.5844692722,2.5847933176,2.5853544858,2.5873802167,2.5856318073,2.5853970240,2.5851033251,2.5849594198,2.5847058132,2.5848536980,2.5848671860,2.5851377285,2.5889226385,2.5927508544,
2.5865658917,2.6179279678,2.6109655333,2.6230579737,2.5857429580,2.5837891446,2.5858055656,2.5878947883,2.5862578091,2.5857096603,2.5857067464,2.5848187394,2.5909090701,2.5900234294,2.5862902006,2.5876204548,2.5876431981,2.5855010272,2.5851460808,2.5848548466,2.5853805811,2.5852207785,2.5856870510,2.5856800693,2.5856116163,2.5851937770,2.5844643707,2.5843656808,2.5848115884,2.5844463321,2.5844901363,2.5897326787,
2.6011482639,2.5995237256,2.6026484516,2.5973818016,2.6253700593,2.5915174094,2.5849880561,2.5845024674,2.5870489110,2.5856465808,2.5881349003,2.5901850342,2.5903992550,2.5907330267,2.5901822944,2.5854505306,2.5852183234,2.5851489602,2.5854036709,2.5848241577,2.5850479650,2.5852031864,2.5857037677,2.5857056191,2.5852758971,2.5848636965,2.5851334150,2.5846989966,2.5846749640,2.5847064093,2.5845987467,2.5847799363,
2.6644562419,2.6591534231,2.6513743462,2.5971120285,2.5862365910,2.5924248193,2.5871427889,2.5847412278,2.5879558374,2.5850082446,2.5884247815,2.5920028259,2.5875852730,2.5896826874,2.5856259418,2.5858026405,2.5853100600,2.5850669102,2.5853553008,2.5850216284,2.5837068489,2.5842962365,2.5859727679,2.5856813783,2.5852748640,2.5849119367,2.5850624396,2.5847684707,2.5846776016,2.5847038523,2.5846457355,2.5846773543,
2.6644562419,2.6644562419,2.6644562419,2.6485794489,2.5930875101,2.5858718310,2.5967486578,2.5815616418,2.5818188912,2.5846786941,2.5867937357,2.5920633027,2.5873593849,2.5846706299,2.5787303854,2.5842551752,2.5853327692,2.5849892745,2.5850666737,2.5852864283,2.5850159653,2.5854478329,2.5857037914,2.5857063053,2.5861401922,2.5859664231,2.5853474540,2.5854728268,2.5855784592,2.5846925705,2.5846797456,2.5845879210,
2.6644562419,2.6644562419,2.6644562419,2.6644562419,2.6557278228,2.6038230451,2.6067022711,2.6087440199,2.5929902146,2.5891503996,2.5834575141,2.5844726797,2.5811646933,2.5777225554,2.5819298967,2.5816774433,2.5839778571,2.5849747747,2.5849282536,2.5852949317,2.5852837918,2.5850564372,2.5851411228,2.5854107039,2.5853056737,2.5850178540,2.5855149981,2.5852791712,2.5854682166,2.5852696437,2.5848492460,2.5846790394,
2.6644562419,2.6644562419,2.6644562419,2.6644562419,2.6644562419,2.6594650739,2.6291766212,2.6632075687,2.6580978672,2.6426887486,2.6021242063,2.5963223569,2.5871482758,2.5851852131,2.5862605478,2.5852723596,2.5870582624,2.5849990107,2.5854342418,2.5839014328,2.5851422398,2.5849781448,2.5851666897,2.5853100339,2.5867306910,2.5850496305,2.5853598804,2.5853205215,2.5854117383,2.5853866660,2.5852783959,2.5846856767,
2.6644562419,2.6644562419,2.6644562419,2.6644562419,2.6644562419,2.6644562419,2.6644562419,2.6644562419,2.6644562419,2.6644562419,2.6632075666,2.6273225017,2.5960213146,2.6126186039,2.6024405076,2.5903594751,2.5862042348,2.5842182842,2.5866293100,2.5843004966,2.5849746521,2.5855017851,2.5859934830,2.5917125430,2.5861711709,2.5852500674,2.5849880137,2.5853790460,2.5864292660,2.5853346281,2.5862366779,2.5848209744,
2.6644562419,2.6644562419,2.6644562419,2.6644562419,2.6644562419,2.6644562419,2.6644562419,2.6644562419,2.6644562419,2.6632075707,2.6641440193,2.6644562419,2.6644562419,2.6616475546,2.6488898454,2.6101256594,2.6023687144,2.5932155144,2.5945063192,2.5911454793,2.5881272735,2.5869734885,2.5937235033,2.5928098593,2.5889670361,2.5854914993,2.5856381596,2.5859108285,2.5861970178,2.5861896156,2.5858763955,2.5847805869,
2.6644562419,2.6644562419,2.6644562419,2.6644562419,2.6644562419,2.6644562419,2.6644562419,2.6644562419,2.6644562419,2.6585302633,2.6365022279,2.6152695533,2.6119004906,2.6327707588,2.6380263990,2.5959082903,2.5960463843,2.6078722827,2.6002322382,2.6176885017,2.5960562156,2.5905125755,2.5887450313,2.5857059814,2.5859374389,2.5874136745,2.5868632215,2.5851229782,2.5855660612,2.5857746448,2.5852861670,2.5850202451,
2.6644562419,2.6644562419,2.6644562419,2.6644562419,2.6644562419,2.6644562419,2.6644562419,2.6644562419,2.6644562419,2.6644562419,2.6644562419,2.6591534299,2.6414503059,2.6414502816,2.6644562419,2.6579072303,2.6506559128,2.6352953705,2.6127582780,2.6036325316,2.6045931109,2.6082847512,2.5934020547,2.5857065342,2.5860769941,2.5874250160,2.5865481623,2.5820177168,2.5828139927,2.5848062408,2.5847801795,2.5856461904,
2.6644562419,2.6644562419,2.6644562419,2.6644562419,2.6644562419,2.6644562419,2.6644562419,2.6644562419,2.6644562419,2.6644562419,2.6644562419,2.6644562419,2.6644562419,2.6644562419,2.6644562419,2.6644562419,2.6644562419,2.6632075707,2.6515588691,2.6300763493,2.6137519583,2.6142760443,2.6060993253,2.5867436939,2.5858549145,2.5869349723,2.5873134172,2.5797259862,2.5827122882,2.5845886983,2.5858305608,2.5855558450,
2.6644562419,2.6644562419,2.6644562419,2.6644562419,2.6644562419,2.6644562419,2.6644562419,2.6644562419,2.6644562419,2.6644562419,2.6644562419,2.6644562419,2.6644562419,2.6644562419,2.6644562419,2.6644562419,2.6644562419,2.6644562419,2.6644562419,2.6644562419,2.6644562419,2.6638318332,2.6362317008,2.5978144081,2.5880987751,2.5917446267,2.5939501162,2.5826070095,2.5847108417,2.5858414540,2.5852909901,2.5848579669,
2.6644562419,2.6644562419,2.6644562419,2.6644562419,2.6644562419,2.6644562419,2.6644562419,2.6644562419,2.6644562419,2.6644562419,2.6644562419,2.6644562419,2.6644562419,2.6644562419,2.6644562419,2.6644562419,2.6644562419,2.6644562419,2.6644562419,2.6644562419,2.6644562419,2.6644562419,2.6644562419,2.6576178825,2.6137866644,2.5912690228,2.5899956589,2.5905914515,2.5819594973,2.5776300721,2.5818994878,2.5856997342