Preprocess the data once at each stage
Stage, Iteration, |UV-EV|/EV, UV/EV - 1, RMSE, MQE = (((|UV-EV|/EV) ** 2) ** 0.5)/N, Updated MQE = (((|UV-EV|/(UV+EV)) ** 2) ** 0.5)/N, Average Aspect Ratio (height/width),Average Aspect Ratio min(height/width)/max(height/width), Pre processing Time(sec), Iteration Time(sec)
0, 1, 0.0014, 0.0, 0.0017, 0.0008, 0.000424, 1.000788, 0.998649, 0.0016, 0.7325
0, 2, 0.0014, 0.0, 0.0017, 0.0008, 0.000424, 1.001247, 0.998402, 0.0016, 0.7955
0, 3, 0.0014, 0.0, 0.0017, 0.0008, 0.000424, 1.001189, 0.998433, 0.0016, 0.7047
0, 4, 0.0014, 0.0, 0.0017, 0.0008, 0.000424, 1.001197, 0.998429, 0.0016, 0.6005
0, 5, 0.0014, 0.0, 0.0017, 0.0008, 0.000424, 1.001196, 0.99843, 0.0016, 0.6103
1, 1, 0.0016, 0.0, 0.002, 0.0005, 0.000248, 1.000387, 0.998651, 0.0673, 2.2434
1, 2, 0.0015, 0.0006, 0.0019, 0.0005, 0.000237, 1.000239, 0.998668, 0.0673, 1.9419
1, 3, 0.0015, 0.0006, 0.0019, 0.0005, 0.000237, 1.000222, 0.998649, 0.0673, 1.9484
1, 4, 0.0015, 0.0006, 0.0019, 0.0005, 0.000237, 1.000224, 0.998635, 0.0673, 2.0472
2, 1, 0.0016, 0.0003, 0.002, 0.0002, 0.000123, 1.000362, 0.998636, 0.105, 4.4489
2, 2, 0.0016, 0.0003, 0.002, 0.0002, 0.000124, 1.000307, 0.998594, 0.105, 3.9178
2, 3, 0.0016, 0.0005, 0.002, 0.0002, 0.000123, 1.000282, 0.998586, 0.105, 4.2354
3, 1, 0.0016, 0.0004, 0.002, 0.0001, 6.2e-05, 1.000302, 0.99863, 0.3944, 8.0992
3, 2, 0.0016, 0.0004, 0.002, 0.0001, 6.2e-05, 1.000298, 0.998618, 0.3944, 8.4505
4, 1, 0.0016, 0.0004, 0.002, 0.0001, 3.1e-05, 1.000292, 0.998624, 1.5611, 21.2549
4, 2, 0.0016, 0.0004, 0.002, 0.0001, 3.1e-05, 1.000286, 0.998622, 1.5611, 21.2496
4, 3, 0.0016, 0.0004, 0.002, 0.0001, 3.1e-05, 1.000282, 0.998622, 1.5611, 21.4214


Total Pre Processing Time(sec): 2.1293
Total Processing Time(sec): 106.8312

MSE : 146.0559
PSNR : 26.4856
SSIM : 0.8517
