Preprocess the data once at each stage
Stage, Iteration, |UV-EV|/EV, UV/EV - 1, RMSE, MQE = (((|UV-EV|/EV) ** 2) ** 0.5)/N, Updated MQE = (((|UV-EV|/(UV+EV)) ** 2) ** 0.5)/N, Average Aspect Ratio (height/width),Average Aspect Ratio min(height/width)/max(height/width), Pre processing Time(sec), Iteration Time(sec)
0, 1, 0.0007, 0.0, 0.0009, 0.0005, 0.000231, 1.02613, 0.971001, 0.0017, 0.5328
0, 2, 0.0007, 0.0, 0.0009, 0.0005, 0.000231, 1.02613, 0.971, 0.0017, 0.6986
0, 3, 0.0007, 0.0, 0.0009, 0.0005, 0.000231, 1.02613, 0.971, 0.0017, 0.6981
0, 4, 0.0007, 0.0, 0.0009, 0.0005, 0.000231, 1.02613, 0.971, 0.0017, 0.6031
0, 5, 0.0007, 0.0, 0.0009, 0.0005, 0.000231, 1.02613, 0.971, 0.0017, 0.6996
1, 1, 0.0036, -0.0006, 0.0047, 0.0012, 0.000594, 1.017544, 0.969879, 0.0695, 2.0654
1, 2, 0.0021, -0.0006, 0.0025, 0.0006, 0.000317, 1.017993, 0.971321, 0.0695, 1.9831
1, 3, 0.0021, -0.0006, 0.0025, 0.0006, 0.000317, 1.017946, 0.971513, 0.0695, 2.4083
1, 4, 0.0021, -0.0006, 0.0025, 0.0006, 0.000317, 1.017894, 0.971554, 0.0695, 2.0729
2, 1, 0.0059, 0.0003, 0.0079, 0.001, 0.000493, 1.016989, 0.959325, 0.0957, 3.8246
2, 2, 0.003, 0.0004, 0.0039, 0.0005, 0.000244, 1.01554, 0.960214, 0.0957, 4.4902
2, 3, 0.0028, 0.0008, 0.0037, 0.0005, 0.000233, 1.014946, 0.959681, 0.0957, 4.0738
3, 1, 0.0053, 0.0005, 0.0071, 0.0004, 0.000221, 1.017656, 0.958029, 0.3922, 8.2662
3, 2, 0.0033, -0.0, 0.0041, 0.0003, 0.000127, 1.017965, 0.957508, 0.3922, 8.0665
4, 1, 0.005, 0.0001, 0.0065, 0.0002, 0.000102, 1.017158, 0.956512, 1.5812, 21.4864
4, 2, 0.0035, 0.0, 0.0043, 0.0001, 6.7e-05, 1.016878, 0.956346, 1.5812, 28.7797
4, 3, 0.0032, 0.0001, 0.0039, 0.0001, 6.1e-05, 1.0168, 0.95627, 1.5812, 23.224


Total Pre Processing Time(sec): 2.1403
Total Processing Time(sec): 116.1137

MSE : 125.4643
PSNR : 27.1456
SSIM : 0.8977
