262.9116143750,261.3798521484,260.2798345313,257.0807879687,255.8634128906,253.9354176562,253.7239794922,253.0059860938,251.2550954297,246.9465978516,245.4210063281,241.8316223828,246.0399352734,243.7381599219,242.3980025000,240.9288620312,240.2626566797,238.1803042969,237.2493000391,236.9997135156,234.1465522266,231.6204176172,232.0620364063,235.6220869531,235.1645837891,234.4984616406,233.3701651563,235.3847208984,233.9753314063,234.2715023828,236.3128735547,232.9356316016,
264.4094438672,262.5497235156,260.2980247656,257.8173377344,256.1302300781,254.2603244141,253.3312817969,253.7849514063,253.8561533984,249.8837633203,248.0441036328,246.1515059766,246.5092875000,240.9358968750,242.5437122266,240.1438046094,239.5737568359,237.5958314453,235.6239155859,234.9588983984,231.6971404688,232.1729850391,232.4904950781,233.8079821094,235.4782991016,237.6186507813,237.1277529297,237.5647419141,238.4688232031,238.1987191016,238.7231918750,239.5969117578,
264.0354222266,262.0823828516,260.8356532422,258.4307483594,256.5841223438,256.0142873438,254.2801712109,253.8294237109,253.9788923828,252.3514021094,249.3006813672,250.2694260937,249.4170962109,240.1087011328,242.0545587109,242.1247299219,239.9764273437,237.2786137891,234.1938169531,236.7930750000,234.0439523828,232.6393516797,233.0077341016,234.9823926172,237.0045565234,237.0181512500,237.9562601172,239.5238771484,240.4699204297,241.3215560156,241.9871891797,241.7226625781,
263.6816177734,260.7853579688,261.3241924219,259.0932749219,257.4218931641,257.6366787891,256.0332323047,253.7583700781,255.3850328125,255.2804288672,252.2194339453,251.0506628125,248.5322177344,244.7976473047,241.5012699609,240.3687212109,241.0869308594,239.3367869531,236.6020733594,234.3519049609,232.8084711719,228.3197741016,233.0122100781,234.2059844141,235.5733063672,236.2479207422,236.9633302734,238.5859728516,241.1262826563,240.6985976563,242.4678248828,244.2974389844,
262.2159939453,260.8358014453,261.1664261719,258.7898616406,258.3689232422,258.8541580078,257.5232119141,255.6182819141,254.9328194141,256.3502147266,255.8465464844,252.0220846094,247.2739036719,245.1192683203,244.5265464844,240.7953160547,242.6647984375,240.3181299609,238.1475789453,236.5483493359,233.3671816406,227.8860414062,230.2483589453,231.4908629297,234.6139494141,236.4432936328,237.1569985547,237.1676935937,240.7520962500,241.1660236328,242.5142578125,245.4455832422,
264.1565844922,260.5280487891,257.5669289453,260.7353587109,260.3718828516,259.4836269922,256.7482210938,256.0898060937,255.8600838281,256.8076999609,257.1872714453,252.8730665234,246.0093153516,246.6027506250,245.8169015625,242.5275992187,242.7768566016,241.9016470312,240.5156459766,237.7556293750,233.6310067969,229.7169871875,230.3514922656,230.4545555469,234.6724349219,236.6057135547,235.5303786719,234.7635618359,240.0760560156,242.0199591016,245.1535932031,247.3179004687,
264.4519686328,263.1356919141,260.0797409375,260.5461220703,260.6394618750,259.0124232031,255.4460375781,256.7898083594,258.1696044141,257.8811001953,256.4730111719,252.1198619922,248.4840677734,245.7261250781,247.1707098828,245.8814515234,243.4202748828,245.3327210937,243.2426482813,238.5440032422,233.4155451953,231.9822196484,233.4677793359,232.5261728516,233.7632874609,235.9495029297,235.9803037109,237.1615355859,242.3163149609,243.2048417969,244.8689802734,247.2089843359,
262.3753639844,260.8911346875,260.2262731641,261.7352679297,261.6797155469,259.0379894141,255.7331526953,255.1649548047,258.2896608984,257.1658109766,253.6255101562,251.7029421875,249.6937388281,246.3747698437,246.6932867578,248.0902150000,246.0591501563,244.9233587109,244.9209944531,237.2750919922,235.7183176562,235.4585404297,234.1582026953,232.6327208594,234.0398540234,234.8679976953,236.3198649609,242.5583785547,244.3016112500,244.7977442578,246.3193389063,248.0428557813,
268.5336660938,266.4208527734,255.2614491016,260.7385731250,261.0075582422,258.2673738672,256.6630188672,251.9077303516,254.8709744141,252.9772432813,250.1122413281,248.7971176953,248.0625301172,248.8585844531,248.6805611719,248.4407255469,244.7021533984,245.8584110938,246.6565944922,241.5102156250,238.0645155078,238.4740126563,236.5820239062,234.6539900000,236.7640205078,237.0650305469,237.5674586719,239.1628482422,242.4532753516,242.7358004687,245.2194333984,247.7240971484,
268.5925917188,267.9185668359,262.5742762500,257.8098560938,254.1458448438,252.4473842578,254.9776803906,251.3999657422,248.8419730859,248.1761648828,245.4743262109,245.4226130078,251.1416608594,251.4703200391,250.6765239453,248.8258119531,246.1204320703,247.2955072656,244.7672854297,242.2965823047,241.8512762500,239.4022771094,240.7255789453,240.7138365234,240.5711338281,239.8166951562,239.4626617578,241.1883874219,242.1254844141,242.3376339453,243.9644400391,247.1138285547,
269.2464660937,270.1964322656,267.3488771094,266.6379132031,259.3609890625,251.8729028516,247.6437235937,250.1801912500,254.0242740234,254.7318492969,251.3453895703,251.0175093750,255.3162169141,252.5906171094,252.0905892578,252.0644403516,248.8317612500,248.0230172266,243.8636099609,242.1562450000,241.8665343750,245.3871876563,241.3014725781,242.8241276172,241.3456826953,240.6876881250,241.2311896094,241.2038621484,243.1637801953,243.3931860156,242.1415487891,244.4264915234,
270.8063314063,271.3768594531,268.3364471094,263.3744228125,254.0903770313,252.9389370703,251.1278794922,243.9572550781,251.0734779688,255.0534247656,250.0335931250,249.9469741016,251.7208067969,254.5789995312,251.8682468750,252.7975094141,249.4073146875,247.7308899609,244.3899549219,236.2453317187,243.0957034375,247.0785107031,243.3939026953,243.4952512109,241.4376289844,245.1642349219,245.1529246094,242.0253619922,246.5705991016,247.6928313672,245.1333829297,246.1563754687,
271.4937864844,271.5074640234,269.0614370313,265.2291354687,259.4087132422,255.9942457031,251.0443609766,251.8279939844,243.9383809375,249.3933015234,254.8123660547,249.1479707422,252.6026099219,252.0614415234,246.7053831250,247.2279596484,247.7920654297,250.2382028906,248.8550629687,242.9072601953,244.2047842578,244.2230689062,245.4768646875,246.5288903906,239.4367793750,244.2523981641,245.7515416406,249.9758775000,252.5120822656,253.7596287891,250.9403683203,250.6588035156,
271.9726301172,271.6085636328,270.9082515234,268.5099964844,266.6951248437,261.9853450781,256.9011850000,254.6766808594,251.7240018750,248.0735180469,249.9067232422,253.4996385547,252.3432023437,247.1283032031,246.1218191406,244.8224200000,251.1136957031,251.9106257813,252.1807646094,244.7806502344,241.2231946094,242.7060781641,247.3179396484,246.0261011328,240.5825026953,249.2949280859,247.6959092578,251.6018657031,256.1904687109,256.6366410156,255.0423064063,254.3547869531,
273.3847211328,272.0185833594,271.3740457813,269.5085970703,270.1138775000,269.4848069922,265.5067166797,258.4103305078,251.8578731641,252.2520917578,244.6907505859,251.9798670313,253.1120030078,246.0520392578,250.6724689453,245.1683133984,250.9379203906,251.5851369922,253.1368735547,246.5905882422,244.0726375391,243.2234577734,247.4172462891,245.7501602344,238.1498118359,246.2810646484,244.5352266016,250.1819147266,254.9846908594,256.4820708984,256.0857021484,256.6519242578,
273.9229594141,272.0490351562,269.3242240234,271.4502503125,269.9602077734,270.6713832031,267.1877663672,263.6750837109,254.7955108203,250.4401919531,254.0232046875,249.0170262500,252.6030765625,253.4059460547,251.3919522656,248.3215016406,250.6663118359,252.9628435547,253.4719608984,245.5994269922,248.8915131250,243.6013462500,245.5463920313,248.9308559375,238.0906402734,241.5266765234,243.4436939844,252.3564270703,259.0605342578,260.2940680078,257.9400113281,256.7249860937,
273.6253510156,271.2111344531,270.7113100391,271.5095752734,271.8228100781,271.1795133984,269.4459854688,268.3461757031,265.4188649609,258.2219547656,257.3194265625,258.2503523828,253.7785373828,250.7529392578,252.9509342578,249.4630208594,249.2635704297,250.8531162109,253.8778960547,248.1419895313,246.2494355859,249.4635582812,244.8649832031,247.5580637891,238.1354537109,239.8956825781,246.3503684766,256.9460290234,259.3814107422,260.0411101562,258.7186347266,258.4343008203,
277.4641710547,277.5694855859,276.3406968359,277.1692863281,272.0911900781,270.2881783594,270.2439064844,268.4925550000,267.0053316016,264.9298061328,261.4858201172,263.6991404688,259.3739049219,255.6495167578,249.6838122656,253.2863879297,249.8878507812,252.4594159375,252.6879737109,251.1085479297,246.2129682422,248.0265587109,247.0140603125,247.8455037500,247.5453729688,245.7644875391,244.5642433594,251.7928278906,253.6230542187,256.9228258594,258.6142723438,258.2511122656,
282.0921431250,279.4119842188,279.8600304297,279.1780032031,273.4717642969,271.7264404297,269.1113018750,268.5930014453,267.0398500000,265.2570050781,263.7838837109,259.6776315234,260.9654321484,259.5774172266,258.7443439453,256.2908317969,246.8150941797,247.8186810547,252.4793057031,252.7650327734,251.9701994922,250.9683132031,249.4232108594,246.3432535547,247.9131482813,245.6525746094,250.7436190625,253.8836224609,249.0120992187,249.0768332031,257.2432961328,257.8804472266,
280.7450907031,279.1371477344,278.9457465625,279.4912813281,276.1791189453,272.6049155078,269.4133966797,270.5107543359,267.9784214844,264.2073799609,263.7684519531,262.7066995703,263.3884560156,260.6843616016,254.4689517188,253.2562386328,253.1779944531,247.1403310937,244.5737298828,243.9269310156,253.1111223437,251.5881419141,248.9662392578,244.7731965234,245.5126272266,245.6391299609,249.9151073828,252.8503160156,251.5584453125,249.5029715234,251.6952861328,260.8041121484,
282.7526705078,281.5142976172,279.7525035156,278.8628598047,280.1728253906,276.5174694922,272.8920735547,270.4373053125,268.6197051953,266.3714633203,265.3431533594,265.2887457812,264.6851601563,261.8898723438,258.3992539844,250.1583092578,245.8295371094,244.4804264453,244.8597969531,243.7443410156,244.6712779687,250.9185269141,247.0354742578,246.3609736328,246.6920456250,250.5279169531,247.2956829297,244.8932164063,247.7019364453,249.7433655078,253.6465446484,258.4995305078,
283.5106017188,282.9353379297,282.0882521094,280.6513965625,277.7433187500,279.0078638672,275.4062022656,271.7642509375,270.8807415234,269.2993512109,266.8571098437,265.2600847656,265.6182190234,265.0925283594,259.6093898828,254.1128615625,251.0786445703,246.0949357813,244.2593007812,241.5648371094,249.1923489844,249.9297353516,246.1083584766,245.6982673437,247.5885855469,244.1302093750,241.7863612500,242.9260358984,245.7792456250,248.7819454297,249.6235724609,255.9494326953,
283.9434117578,283.6824359766,283.1776674219,282.5002294531,280.9095192188,278.3928986719,279.4440630859,275.0086858984,274.3240990625,273.1369399219,269.6137721484,266.7131076562,264.7521585156,265.3557069141,265.6148165625,261.3089072656,258.2478858203,251.8819035156,249.5205378906,248.1982447656,241.7641176172,245.0300631641,246.0954458594,244.3905028125,245.4439646094,245.6447730859,238.9386872266,238.3836442188,242.3289119531,242.5697014062,247.1440565234,250.2564067187,
283.8406995703,283.6460872266,283.4629361328,282.9293758594,282.0611997266,281.3574155469,279.9606071094,280.2493941016,279.5428737891,278.3080039844,273.9035275000,270.0037933984,268.7189241016,269.0190132031,267.0201601953,267.1217143359,263.1498890234,255.4737920703,250.8824425781,252.4580618750,247.4602346875,241.0801215234,241.8285786719,244.1976972656,246.0034392969,242.8239423047,240.1041756641,240.9073055078,242.4383949609,240.4903617578,240.6880467969,249.3153881250,
283.7344364453,283.5490704297,283.3961075781,283.1973174609,282.8680407812,282.4309460937,282.0911016406,282.2198384766,281.7818723437,280.6431926172,278.3243508984,276.0311664063,272.7433491016,270.0983304297,270.2684662891,267.7810853906,263.6672387891,261.8681230469,257.2192486328,257.7515727734,252.2341761328,246.5068112891,243.1360876953,244.0451124219,241.4869168750,243.1998532422,243.7258106641,244.5610511719,245.1227083203,244.2651846094,239.1550297656,247.3521968750,
283.8637898437,283.6204617969,283.3442461719,283.1749503906,282.9969073047,282.8054883203,282.8401969141,282.9559097266,282.7330878906,282.1599471484,281.0394120703,279.2476726953,277.1579556641,277.4915006641,275.6115371094,272.6491924609,270.4510075000,266.0426569922,260.8418168359,257.3966708984,251.0789886719,252.8683388281,249.6919939063,249.8159827344,244.1127110156,244.6247447266,245.9861932422,245.2094429687,248.8850399219,247.0068435156,244.8544538281,245.6873733984,
284.1912043359,283.8249122656,283.4497239062,283.2785830469,283.0569862109,282.8630957422,282.8764236328,283.0261848828,282.9465838672,282.6848601172,282.4478519141,282.0824225391,281.5191165625,281.0375196484,278.9814722266,275.8191952344,274.3687914453,272.0830333203,266.9685069141,261.5849034375,259.7157821484,256.6630370312,252.4743626953,252.1963424609,247.3211607031,247.2674243359,249.1399039453,246.8169816016,248.3558329297,248.7621306641,246.2892489453,245.9540623047,
284.4326434766,284.0400737500,283.6498325391,283.5072280469,283.3586737891,283.1721897656,282.9632380859,282.9134627734,282.8870480469,282.5866405469,281.2972214063,279.1779143359,278.7152334766,279.9429593359,278.6017776172,275.4108635156,275.1820682031,274.7358273438,273.8734598047,273.8776834375,269.6045122656,262.5329558203,254.4347883203,250.5456308984,246.0242796094,249.2471032031,249.4466580469,250.0268484375,248.3409563672,247.4370899609,247.3914767578,245.4518718359,
284.5492057813,284.2363602344,283.8578785547,283.6483234375,283.5472657031,283.3647850000,282.9643985156,282.7644752344,282.7025012500,282.5915541016,282.3189093359,281.6154682813,280.5383513281,280.5342408594,281.0859395313,280.1333750000,279.4840791406,276.2066425000,273.8280085547,273.0691914453,272.7022905078,271.8444260547,266.0246103125,257.4365479687,252.4621651172,253.2643571484,250.7656899219,251.7203648828,249.4674421484,248.7468375391,247.1380874609,245.3005962500,
284.6748329688,284.3538722656,283.9306773047,283.6305661328,283.4898306641,283.1840531641,282.6679767969,282.4422783203,282.4009462891,282.3211180078,282.2726205469,282.2142598828,282.1081063672,281.8314850000,281.2672757422,280.9496675000,280.8864871875,280.4903079297,279.2126891016,277.1576276172,273.4844912500,272.9645390625,265.5026162891,257.2581564844,257.7783531250,254.7366594531,252.5699265234,253.7270750781,251.2743957813,249.6934893359,247.6217014063,245.9075475000,
284.6671207031,284.2913857422,283.8399791406,283.4804623047,283.2520868750,282.8603980469,282.4608332812,282.2405515234,282.1287726562,282.0368650781,281.9274147656,281.8933475000,281.7323302344,281.1654311328,280.5366764844,280.4523356250,280.5924412891,280.6736767578,280.5680714453,280.3991680078,280.0242476172,279.0001070703,274.8932061328,269.2158953516,261.3737498828,253.3391266406,250.1643236328,249.4445322656,250.2462966406,248.2899468750,247.4516852344,246.4593236328,
284.5061877344,284.0848832813,283.6140795313,283.2898996484,283.0168097266,282.7006606250,282.4371741406,282.2592164844,282.0452494141,281.8560032812,281.6707346094,281.5448650000,281.3101932422,280.6809197266,280.2452566016,280.2179231641,280.4237246875,280.4742184766,280.3662031641,280.3505184375,280.4003875781,280.1028109766,279.1501205469,273.3776480078,274.1436887891,261.0701812500,248.7279025781,247.2681364844,248.1055672266,249.9745972656,248.6270530859,247.8543391797