Preprocess the data once at each stage
Stage, Iteration, |UV-EV|/EV, UV/EV - 1, RMSE, MQE = (((|UV-EV|/EV) ** 2) ** 0.5)/N, Updated MQE = (((|UV-EV|/(UV+EV)) ** 2) ** 0.5)/N, Average Aspect Ratio (height/width),Average Aspect Ratio min(height/width)/max(height/width), Pre processing Time(sec), Iteration Time(sec)
0, 1, 0.0049, -0.0025, 0.005, 0.0025, 0.001265, 0.999899, 0.992925, 0.001, 4.149
0, 2, 0.004, -0.0025, 0.0041, 0.0021, 0.001039, 1.001924, 0.993702, 0.001, 4.2305
0, 3, 0.0039, -0.0, 0.004, 0.002, 0.000993, 1.001668, 0.993603, 0.001, 4.3276
0, 4, 0.0039, -0.0, 0.004, 0.002, 0.000993, 1.0017, 0.993615, 0.001, 4.214
0, 5, 0.0039, -0.0, 0.004, 0.002, 0.000993, 1.001696, 0.993614, 0.001, 4.3442
1, 1, 0.0043, -0.0006, 0.0056, 0.0014, 0.000706, 0.99737, 0.984034, 0.014, 5.7929
1, 2, 0.0024, 0.0, 0.0031, 0.0008, 0.000389, 0.996964, 0.985104, 0.014, 5.3379
1, 3, 0.0022, -0.0, 0.0027, 0.0007, 0.000342, 0.996666, 0.985153, 0.014, 5.2072
1, 4, 0.0021, -0.0006, 0.0025, 0.0006, 0.00031, 0.996824, 0.985109, 0.014, 5.2045
2, 1, 0.0062, -0.0001, 0.008, 0.001, 0.0005, 1.0026, 0.975072, 0.0618, 7.2377
2, 2, 0.0042, 0.0006, 0.0053, 0.0007, 0.000328, 1.001884, 0.975706, 0.0618, 7.3128
2, 3, 0.0033, 0.0005, 0.0041, 0.0005, 0.000258, 1.00024, 0.975411, 0.0618, 7.3306
3, 1, 0.0149, 0.0, 0.0189, 0.0012, 0.00059, 1.010846, 0.944278, 0.2503, 13.4678
3, 2, 0.0086, 0.0005, 0.0107, 0.0007, 0.000333, 1.008744, 0.944947, 0.2503, 13.2196
4, 1, 0.0293, 0.0, 0.0385, 0.0012, 0.000599, 1.016952, 0.896194, 1.0761, 37.6783
4, 2, 0.0139, 0.0003, 0.0183, 0.0006, 0.000285, 1.015575, 0.898247, 1.0761, 34.6913
4, 3, 0.0106, 0.0003, 0.0136, 0.0004, 0.000212, 1.013076, 0.897563, 1.0761, 34.7203


Total Pre Processing Time(sec): 1.4032
Total Processing Time(sec): 199.8693

MSE : 508.2292
PSNR : 21.0702
SSIM : 0.9607
